98
377
410
608
642
674
749
831
900
935
1027
1084
1099
1135
1149
1185
1191
1671
1756
1787
1874
1921
2007
2153
2304
2544
2587
2647
2726
2728
3359
3775
3896
3912
4131
4142
4189
4192
4196
4379
4380
4473
4497
4529
4595
4691
5022
5025
5053
5060
5082
5095
5275
5403
5420
5500
5664
5769
5882
5898
5905
5917
5989
6305
6325
6339
6409
6425
6443
6634
6740
6849
6957
6965
6970
7233
7291
7667
7925
7967
8173
8299
8413
8975
8978
8979
8988
9045
9079
9112
9160
9280
9311
9504
9636
9745
9805
9817
9878
9881
10006
10249
10351
10489
10490
10764
10858
10891
11135
11154
11179
11186
11190
11231
11276
11424
11437
11438
11451
11510
11513
11647
11691
11739
11933
11973
12077
12120
12299
12304
12326
12553
12573
12599
12639
12647
12702
12817
12970
12999
13013
13042
13086
13120
13327
13341
13400
13418
13454
13462
13465
13552
13572
13583
13637
13656
13824
13842
13912
13924
13986
13987
14154
14247
14313
14423
14426
14503
14533
14602
14676
15085
15150
15261
