560
625
672
695
747
763
948
1129
1140
1280
1306
1443
1525
1549
1602
1647
1652
1674
1698
1743
1818
1920
2005
2083
2090
2140
2396
2536
2572
2595
2703
2747
2788
3007
3025
3038
3157
3191
3350
3397
3523
3737
3876
3929
3996
3998
4023
4129
4304
4307
4354
4458
4489
4502
4573
4638
4735
4770
4816
4901
5075
5112
5149
5247
5264
5351
5360
5377
5418
5846
6010
6016
6032
6063
6077
6171
6269
6389
6581
6585
6850
7000
7099
7119
7122
7302
7504
7650
7682
7721
7740
7775
8161
8184
8234
8682
8833
8976
9085
9093
9097
9275
9645
9734
9869
9930
9944
10038
10272
10477
10502
10572
10593
10610
10758
10797
10915
10972
10990
11098
11225
11474
11522
11640
11704
11940
12043
12082
12221
12237
12322
12368
12390
12429
12454
12622
12721
12787
12797
13166
13251
13252
13464
13555
13596
13748
13796
13895
13988
14024
14377
14531
14721
14771
14777
14882
15076
15167
15216
15221
