7
71
92
98
108
161
295
330
377
410
419
454
485
494
595
599
608
642
674
689
708
749
773
801
831
843
900
935
1027
1084
1099
1119
1135
1138
1149
1185
1191
1321
1326
1358
1410
1532
1577
1595
1635
1636
1671
1694
1710
1711
1727
1756
1769
1787
1801
1811
1848
1874
1876
1921
2007
2008
2099
2118
2153
2218
2220
2246
2262
2304
2332
2429
2442
2458
2531
2544
2548
2587
2632
2647
2721
2726
2728
2745
2762
2940
2964
3009
3016
3080
3088
3095
3122
3227
3359
3381
3411
3412
3415
3453
3621
3689
3703
3775
3896
3901
3912
3928
3997
4073
4082
4131
4142
4189
4192
4196
4292
4309
4321
4329
4353
4366
4379
4380
4395
4436
4457
4473
4478
4497
4529
4568
4595
4628
4678
4691
4722
4727
4758
4800
4850
4886
4892
4934
5022
5025
5033
5053
5060
5076
5082
5095
5126
5145
5177
5220
5275
5288
5292
5355
5369
5403
5420
5431
5456
5500
5591
5647
5664
5726
5769
5777
5837
5861
5882
5898
5899
5905
5917
5942
5989
6008
6169
6232
6305
6325
6332
6339
6363
6383
6409
6425
6443
6524
6579
6634
6723
6735
6740
6741
6751
6763
6776
6804
6818
6849
6957
6962
6965
6969
6970
6990
7019
7088
7144
7148
7157
7233
7244
7291
7315
7421
7432
7447
7506
7616
7654
7667
7766
7872
7879
7909
7925
7933
7967
7992
8029
8167
8173
8223
8238
8299
8344
8364
8382
8413
8439
8495
8516
8671
8811
8815
8841
8848
8863
8900
8919
8921
8963
8969
8975
8978
8979
8988
8993
9034
9043
9045
9078
9079
9112
9122
9160
9179
9188
9189
9280
9283
9311
9323
9342
9490
9504
9553
9559
9636
9643
9709
9745
9750
9775
9783
9805
9806
9817
9878
9881
9939
10006
10059
10161
10181
10249
10256
10317
10348
10351
10365
10383
10384
10440
10459
10470
10483
10489
10490
10506
10563
10586
10764
10846
10858
10859
10887
10891
11039
11100
11108
11109
11113
11118
11123
11135
11154
11179
11186
11190
11224
11231
11243
11276
11282
11316
11367
11424
11437
11438
11451
11470
11488
11510
11513
11565
11604
11647
11691
11724
11739
11765
11769
11864
11875
11884
11933
11945
11960
11973
11988
12009
12018
12077
12120
12135
12169
12191
12261
12299
12304
12305
12326
12332
12375
12388
12426
12450
12479
12483
12489
12545
12553
12573
12595
12599
12609
12630
12639
12647
12658
12670
12702
12719
12739
12745
12774
12808
12809
12817
12907
12963
12970
12999
13013
13019
13028
13041
13042
13086
13120
13124
13155
13189
13224
13279
13327
13341
13365
13400
13410
13418
13449
13454
13462
13465
13485
13525
13536
13545
13552
13565
13572
13583
13625
13637
13656
13696
13702
13718
13727
13739
13824
13842
13880
13912
13924
13945
13986
13987
14015
14017
14064
14154
14247
14313
14324
14423
14426
14477
14481
14503
14533
14539
14599
14602
14631
14676
14724
14726
14753
14774
14783
14788
14950
15035
15085
15086
15093
15150
15193
15226
15241
15261
15310
