18
227
253
353
476
490
491
552
660
834
850
951
1174
1269
1320
1415
1442
1596
2068
2101
2377
2389
2588
2623
2789
2881
2920
2977
2979
3474
3545
3618
3670
3783
3836
3880
3913
3937
3983
3984
4022
4112
4206
4280
4427
4441
4488
4553
4666
4668
4670
4690
4702
4788
5042
5372
5436
5455
5665
5848
5974
6210
6333
6373
6439
6464
6479
6559
6586
6647
6719
7285
7379
7458
7512
7570
7615
7850
7858
7943
7956
7959
7986
8030
8239
8410
8417
8508
8546
8725
9080
9099
9374
9417
9418
9498
9521
9560
9633
9681
9714
9744
9769
9858
9871
9885
9948
9986
10211
10215
10339
10431
10467
10488
10986
11020
11063
11079
11195
11349
11465
11619
11700
11888
12047
12149
12176
12179
12180
12200
12244
12414
12481
12574
12796
12823
12952
13045
13047
13106
13163
13280
13416
13486
13505
13530
13628
13653
13668
13737
13984
14049
14210
14422
14549
14601
14629
14699
14714
14761
14856
14878
14923
15092
15119
15181
15289
