56
474
486
640
758
771
778
895
1399
1545
1561
1644
1744
1821
1878
1917
2078
2259
2371
2457
2616
2655
2727
2732
2809
2949
3141
3159
3310
3702
3727
3796
3832
3956
4083
4085
4279
4300
4452
4644
4706
5058
5186
5233
5366
5375
5545
5553
5625
5829
6033
6378
6423
6474
6700
6710
6718
6739
7029
7248
7268
7269
7271
7574
7759
7922
8138
8338
8467
8562
8681
8734
8807
8872
8898
8949
9106
9147
9184
9466
9501
9650
9672
9820
9830
9940
9971
10053
10157
10166
10357
10392
10441
10555
10752
10835
10889
10897
10929
11093
11685
11698
11705
11762
11995
12054
12167
12198
12264
12446
12473
12521
12819
12898
13001
13071
13154
13158
13184
13231
13339
13407
13514
13587
13645
13684
13709
13738
13819
13822
13910
13925
14025
14102
14112
14215
14296
14319
14339
14594
14655
14669
14700
14727
14829
14871
14930
14952
15066
