105
267
832
962
1397
1420
1520
1522
1540
1570
1583
1586
1615
1616
1685
1813
1852
2046
2079
2212
2590
2669
2807
2960
3375
3478
3683
3774
3939
4637
4700
4875
4879
4894
4922
5027
5295
5345
5466
5535
5775
6127
6270
6419
6428
6673
6755
6760
6951
7001
7195
7564
7598
7690
7755
7781
7840
7965
8076
8099
8422
8462
8604
8728
8759
9017
9124
9164
9211
9438
9463
9555
9641
9644
9648
9665
9761
10047
10219
10252
10439
10751
10864
10928
11133
11205
11278
11313
11560
11712
11989
12168
12190
12424
12443
12723
12741
12763
12811
12838
13056
13105
13116
13348
13985
13993
14236
14310
14330
14697
14812
14914
14920
14973
15034
15207
