18
227
253
353
476
490
491
552
560
625
660
672
695
747
763
834
850
948
951
1129
1140
1174
1269
1280
1306
1320
1415
1442
1443
1525
1549
1596
1602
1647
1652
1674
1698
1743
1818
1920
2005
2068
2083
2090
2101
2140
2377
2389
2396
2536
2572
2588
2595
2623
2703
2747
2788
2789
2881
2920
2977
2979
3007
3025
3038
3157
3191
3350
3397
3474
3523
3545
3618
3670
3737
3783
3836
3876
3880
3913
3929
3937
3983
3984
3996
3998
4022
4023
4112
4129
4206
4280
4304
4307
4354
4427
4441
4458
4488
4489
4502
4553
4573
4638
4666
4668
4670
4690
4702
4735
4770
4788
4816
4901
5042
5075
5112
5149
5247
5264
5351
5360
5372
5377
5418
5436
5455
5665
5846
5848
5974
6010
6016
6032
6063
6077
6171
6210
6269
6333
6373
6389
6439
6464
6479
6559
6581
6585
6586
6647
6719
6850
7000
7099
7119
7122
7285
7302
7379
7458
7504
7512
7570
7615
7650
7682
7721
7740
7775
7850
7858
7943
7956
7959
7986
8030
8161
8184
8234
8239
8410
8417
8508
8546
8682
8725
8833
8976
9080
9085
9093
9097
9099
9275
9374
9417
9418
9498
9521
9560
9633
9645
9681
9714
9734
9744
9769
9858
9869
9871
9885
9930
9944
9948
9986
10038
10211
10215
10272
10339
10431
10467
10477
10488
10502
10572
10593
10610
10758
10797
10915
10972
10986
10990
11020
11063
11079
11098
11195
11225
11349
11465
11474
11522
11619
11640
11700
11704
11888
11940
12043
12047
12082
12149
12176
12179
12180
12200
12221
12237
12244
12322
12368
12390
12414
12429
12454
12481
12574
12622
12721
12787
12796
12797
12823
12952
13045
13047
13106
13163
13166
13251
13252
13280
13416
13464
13486
13505
13530
13555
13596
13628
13653
13668
13737
13748
13796
13895
13984
13988
14024
14049
14210
14377
14422
14531
14549
14601
14629
14699
14714
14721
14761
14771
14777
14856
14878
14882
14923
15076
15092
15119
15167
15181
15216
15221
15289
