56
105
267
474
486
640
758
771
778
832
895
962
1397
1399
1420
1520
1522
1540
1545
1561
1570
1583
1586
1615
1616
1644
1685
1744
1813
1821
1852
1878
1917
2046
2078
2079
2212
2259
2371
2457
2590
2616
2655
2669
2727
2732
2807
2809
2949
2960
3141
3159
3310
3375
3478
3683
3702
3727
3774
3796
3832
3939
3956
4083
4085
4279
4300
4452
4637
4644
4700
4706
4875
4879
4894
4922
5027
5058
5186
5233
5295
5345
5366
5375
5466
5535
5545
5553
5625
5775
5829
6033
6127
6270
6378
6419
6423
6428
6474
6673
6700
6710
6718
6739
6755
6760
6951
7001
7029
7195
7248
7268
7269
7271
7564
7574
7598
7690
7755
7759
7781
7840
7922
7965
8076
8099
8138
8338
8422
8462
8467
8562
8604
8681
8728
8734
8759
8807
8872
8898
8949
9017
9106
9124
9147
9164
9184
9211
9438
9463
9466
9501
9555
9641
9644
9648
9650
9665
9672
9761
9820
9830
9940
9971
10047
10053
10157
10166
10219
10252
10357
10392
10439
10441
10555
10751
10752
10835
10864
10889
10897
10928
10929
11093
11133
11205
11278
11313
11560
11685
11698
11705
11712
11762
11989
11995
12054
12167
12168
12190
12198
12264
12424
12443
12446
12473
12521
12723
12741
12763
12811
12819
12838
12898
13001
13056
13071
13105
13116
13154
13158
13184
13231
13339
13348
13407
13514
13587
13645
13684
13709
13738
13819
13822
13910
13925
13985
13993
14025
14102
14112
14215
14236
14296
14310
14319
14330
14339
14594
14655
14669
14697
14700
14727
14812
14829
14871
14914
14920
14930
14952
14973
15034
15066
15207
