7
60
71
72
92
98
108
110
125
161
202
214
255
260
295
296
307
327
330
365
377
385
387
407
410
419
425
454
482
485
494
496
498
534
544
580
595
599
608
621
642
663
674
689
698
708
749
773
801
803
825
826
828
831
843
870
900
914
935
966
1027
1084
1099
1111
1119
1135
1138
1147
1148
1149
1153
1185
1186
1191
1274
1277
1278
1283
1303
1321
1326
1347
1358
1392
1393
1410
1445
1497
1512
1532
1541
1544
1555
1577
1595
1635
1636
1639
1640
1641
1642
1643
1665
1671
1694
1697
1710
1711
1727
1742
1756
1769
1787
1801
1809
1811
1848
1871
1874
1876
1881
1890
1892
1913
1921
1937
1980
2007
2008
2086
2094
2099
2109
2118
2153
2164
2180
2182
2191
2218
2220
2232
2236
2246
2261
2262
2304
2314
2332
2337
2350
2388
2414
2429
2442
2458
2475
2476
2478
2506
2508
2531
2544
2548
2577
2587
2610
2632
2647
2652
2697
2717
2721
2726
2728
2744
2745
2751
2755
2758
2759
2762
2771
2775
2797
2901
2940
2964
3009
3016
3035
3041
3049
3080
3088
3089
3095
3117
3122
3142
3227
3230
3253
3257
3286
3301
3340
3342
3359
3381
3396
3411
3412
3415
3448
3453
3467
3476
3494
3535
3542
3621
3630
3634
3689
3703
3724
3734
3744
3775
3782
3784
3827
3864
3881
3896
3901
3904
3906
3912
3918
3927
3928
3949
3965
3974
3991
3997
4006
4036
4052
4073
4082
4131
4132
4142
4166
4189
4192
4193
4196
4202
4204
4234
4259
4292
4305
4309
4321
4325
4329
4351
4353
4356
4366
4371
4379
4380
4390
4394
4395
4409
4410
4423
4424
4432
4436
4456
4457
4473
4478
4497
4501
4529
4538
4566
4568
4595
4604
4607
4628
4677
4678
4691
4722
4725
4727
4733
4758
4789
4800
4820
4835
4843
4850
4886
4892
4898
4905
4906
4934
4951
4968
4997
5001
5022
5025
5033
5041
5052
5053
5060
5076
5082
5095
5101
5126
5145
5155
5161
5177
5179
5183
5220
5232
5275
5283
5288
5289
5292
5325
5355
5365
5368
5369
5399
5403
5420
5431
5456
5500
5562
5567
5581
5591
5647
5664
5683
5686
5693
5726
5736
5749
5752
5754
5761
5769
5777
5799
5837
5838
5849
5861
5882
5886
5898
5899
5905
5909
5917
5942
5987
5989
6006
6008
6087
6091
6132
6135
6153
6169
6191
6232
6259
6265
6289
6305
6307
6325
6332
6339
6363
6369
6370
6376
6383
6384
6401
6402
6405
6406
6409
6421
6425
6443
6524
6553
6561
6579
6587
6620
6634
6698
6708
6713
6720
6723
6735
6740
6741
6744
6751
6763
6776
6804
6818
6849
6853
6928
6953
6957
6962
6965
6969
6970
6974
6990
6996
7019
7027
7034
7037
7064
7088
7103
7114
7115
7129
7131
7138
7144
7148
7152
7153
7157
7171
7233
7234
7244
7253
7255
7291
7295
7299
7301
7306
7315
7383
7418
7421
7432
7447
7451
7452
7460
7466
7506
7513
7551
7557
7559
7616
7626
7645
7654
7666
7667
7676
7678
7703
7731
7751
7766
7805
7872
7873
7879
7909
7916
7925
7933
7967
7976
7980
7983
7992
7993
7994
8019
8022
8029
8038
8084
8120
8167
8173
8212
8223
8232
8235
8237
8238
8250
8257
8287
8296
8297
8298
8299
8344
8362
8364
8367
8382
8405
8413
8430
8439
8440
8473
8493
8494
8495
8516
8524
8542
8551
8587
8640
8671
8683
8716
8735
8811
8815
8838
8841
8848
8863
8900
8913
8914
8919
8921
8963
8969
8975
8978
8979
8988
8993
9004
9014
9034
9043
9045
9074
9078
9079
9081
9082
9112
9122
9125
9132
9160
9179
9188
9189
9195
9279
9280
9283
9301
9311
9323
9327
9341
9342
9355
9377
9384
9386
9420
9490
9504
9553
9559
9564
9566
9577
9578
9579
9589
9636
9643
9686
9690
9708
9709
9721
9722
9742
9745
9750
9753
9775
9783
9805
9806
9809
9817
9823
9836
9873
9878
9881
9902
9905
9912
9915
9916
9917
9919
9920
9921
9922
9939
9949
9953
9973
9980
10006
10024
10034
10040
10059
10088
10112
10146
10161
10181
10193
10249
10256
10271
10299
10317
10329
10330
10341
10347
10348
10351
10353
10365
10377
10383
10384
10390
10398
10433
10440
10443
10456
10459
10462
10463
10470
10483
10489
10490
10506
10535
10553
10563
10566
10571
10574
10582
10584
10586
10624
10725
10764
10769
10777
10783
10808
10819
10846
10850
10858
10859
10887
10891
10899
10921
10987
11010
11032
11034
11039
11072
11092
11095
11100
11103
11108
11109
11113
11118
11123
11135
11138
11139
11149
11153
11154
11161
11168
11179
11186
11190
11194
11196
11215
11224
11231
11237
11243
11247
11276
11282
11301
11316
11340
11348
11364
11367
11373
11401
11424
11437
11438
11446
11451
11456
11470
11488
11494
11498
11510
11513
11521
11523
11541
11544
11546
11557
11565
11574
11584
11595
11597
11604
11606
11624
11647
11684
11690
11691
11694
11724
11729
11739
11747
11748
11765
11769
11774
11864
11875
11884
11898
11905
11914
11933
11945
11948
11957
11960
11961
11973
11988
12009
12018
12035
12046
12055
12077
12117
12120
12125
12135
12138
12156
12169
12186
12189
12191
12226
12260
12261
12299
12304
12305
12325
12326
12332
12352
12371
12375
12388
12404
12420
12426
12428
12448
12450
12479
12483
12484
12489
12518
12545
12553
12573
12587
12595
12599
12600
12609
12630
12639
12641
12647
12658
12670
12687
12697
12702
12703
12719
12735
12739
12745
12774
12778
12792
12795
12808
12809
12817
12852
12854
12859
12866
12887
12907
12953
12963
12970
12978
12992
12996
12999
13006
13013
13017
13019
13028
13041
13042
13058
13070
13079
13086
13120
13124
13155
13189
13191
13224
13244
13279
13326
13327
13331
13341
13355
13363
13364
13365
13397
13400
13410
13418
13449
13454
13460
13462
13465
13469
13470
13477
13485
13493
13499
13506
13507
13525
13536
13545
13546
13552
13565
13572
13583
13586
13599
13610
13616
13625
13637
13656
13666
13680
13689
13696
13700
13702
13718
13727
13739
13824
13842
13865
13877
13880
13891
13912
13924
13945
13986
13987
13998
14015
14017
14029
14054
14055
14064
14069
14114
14123
14137
14154
14187
14207
14222
14237
14239
14247
14261
14262
14280
14286
14295
14297
14301
14302
14308
14313
14324
14353
14405
14423
14426
14427
14444
14457
14477
14481
14482
14503
14508
14510
14514
14533
14538
14539
14586
14599
14602
14631
14676
14677
14682
14705
14709
14713
14724
14726
14736
14741
14753
14760
14762
14767
14774
14783
14788
14824
14875
14887
14950
14956
15005
15035
15039
15042
15047
15073
15085
15086
15093
15101
15103
15136
15150
15163
15193
15212
15215
15224
15226
15241
15246
15261
15293
15310
15311
15312
