8
10
74
104
130
132
163
269
381
468
548
618
623
680
702
723
724
820
823
1146
1169
1237
1242
1244
1246
1578
1684
1720
1730
1814
1903
1941
1954
2237
2482
2648
2659
2660
2746
2872
2919
2953
2976
2987
3002
3056
3066
3096
3156
3294
3454
3546
3574
3697
3837
3902
3957
4007
4044
4054
4221
4288
4317
4345
4370
4482
4610
4657
4674
4753
4778
4783
4787
4831
4871
4893
4903
4904
5031
5087
5370
5655
5661
5684
5826
6168
6173
6254
6316
6387
6395
6416
6792
6847
6880
6883
7146
7227
7232
7275
7305
7350
7573
7575
7583
7602
7630
7671
7677
7871
7971
7974
8279
8291
8394
8418
8443
8676
8744
8786
8798
8882
9102
9204
9306
9322
9402
9482
9532
9533
9574
9590
9666
9824
9838
9891
9894
9985
10012
10037
10135
10136
10197
10208
10295
10428
10452
10466
10478
10482
10484
10515
10564
10568
10606
10708
10741
10848
10851
11036
11080
11117
11134
11176
11187
11236
11402
11417
11448
11478
11699
11708
11869
11880
12161
12280
12340
12398
12412
12451
12475
12487
12523
12547
12621
12740
12749
12793
12967
12971
13098
13125
13126
13167
13203
13347
13415
13450
13526
13542
13654
13850
13889
13930
13977
14089
14142
14186
14209
14293
14413
14540
14600
14653
14680
14683
14691
14692
14693
14707
14744
14781
14787
14813
14834
14886
14893
14896
14945
14958
14963
14993
15191
