7
71
98
108
161
377
410
419
494
599
608
642
674
689
708
749
801
831
900
935
1027
1084
1099
1135
1138
1149
1185
1191
1321
1358
1577
1595
1635
1636
1671
1710
1711
1727
1756
1769
1787
1801
1848
1874
1921
2007
2118
2153
2218
2220
2304
2332
2429
2544
2587
2632
2647
2726
2728
2762
3009
3088
3122
3359
3381
3412
3621
3703
3775
3896
3901
3912
3928
4073
4131
4142
4189
4192
4196
4321
4329
4366
4379
4380
4436
4473
4497
4529
4568
4595
4628
4678
4691
4722
4758
4850
4886
4892
5022
5025
5053
5060
5076
5082
5095
5126
5275
5369
5403
5420
5431
5456
5500
5647
5664
5769
5837
5861
5882
5898
5899
5905
5917
5989
6305
6325
6339
6363
6383
6409
6425
6443
6579
6634
6723
6740
6741
6776
6804
6849
6957
6965
6969
6970
7144
7233
7291
7421
7654
7667
7925
7967
8167
8173
8299
8413
8495
8516
8811
8848
8921
8975
8978
8979
8988
8993
9045
9079
9112
9122
9160
9280
9283
9311
9323
9504
9553
9636
9709
9745
9775
9805
9817
9878
9881
9939
10006
10059
10161
10181
10249
10317
10348
10351
10383
10440
10470
10483
10489
10490
10764
10846
10858
10891
11100
11123
11135
11154
11179
11186
11190
11231
11243
11276
11316
11367
11424
11437
11438
11451
11470
11488
11510
11513
11565
11647
11691
11724
11739
11765
11769
11864
11933
11960
11973
11988
12077
12120
12191
12261
12299
12304
12326
12450
12545
12553
12573
12599
12609
12630
12639
12647
12658
12670
12702
12719
12745
12774
12817
12907
12970
12999
13013
13019
13028
13042
13086
13120
13124
13189
13224
13327
13341
13365
13400
13418
13454
13462
13465
13485
13525
13536
13552
13572
13583
13637
13656
13702
13824
13842
13912
13924
13945
13986
13987
14154
14247
14313
14423
14426
14503
14533
14539
14599
14602
14631
14676
14724
14726
14753
14783
15085
15086
15093
15150
15226
15261
15310
