7
71
108
161
419
494
599
689
708
801
1138
1321
1358
1577
1595
1635
1636
1710
1711
1727
1769
1801
1848
2118
2218
2220
2332
2429
2632
2762
3009
3088
3122
3381
3412
3621
3703
3901
3928
4073
4321
4329
4366
4436
4568
4628
4678
4722
4758
4850
4886
4892
5076
5126
5369
5431
5456
5647
5837
5861
5899
6363
6383
6579
6723
6741
6776
6804
6969
7144
7421
7654
8167
8495
8516
8811
8848
8921
8993
9122
9283
9323
9553
9709
9775
9939
10059
10161
10181
10317
10348
10383
10440
10470
10483
10846
11100
11123
11243
11316
11367
11470
11488
11565
11724
11765
11769
11864
11960
11988
12191
12261
12450
12545
12609
12630
12658
12670
12719
12745
12774
12907
13019
13028
13124
13189
13224
13365
13485
13525
13536
13702
13945
14539
14599
14631
14724
14726
14753
14783
15086
15093
15226
15310
