72
110
202
214
255
260
296
307
327
385
407
425
496
534
544
663
698
1111
1148
1274
1277
1303
1347
1497
1541
1544
1555
1639
1642
1643
1665
1742
1809
1890
1892
1913
1937
1980
2086
2094
2109
2236
2261
2314
2337
2350
2475
2478
2506
2610
2697
2758
2797
2901
3035
3049
3117
3142
3253
3286
3301
3396
3542
3630
3724
3734
3784
3827
3864
3881
3904
3906
3927
3965
3991
4132
4166
4202
4234
4259
4305
4325
4351
4356
4390
4423
4456
4538
4566
4604
4733
4835
4898
4905
4906
4951
4968
5041
5101
5155
5161
5183
5283
5289
5325
5365
5399
5683
5693
5749
5752
5754
5761
5799
5838
5849
5886
5909
6087
6132
6135
6153
6191
6289
6307
6370
6401
6421
6553
6561
6587
6698
6708
6713
6720
6744
6853
6928
6953
7027
7037
7064
7103
7114
7131
7138
7152
7153
7234
7253
7295
7299
7301
7306
7383
7418
7451
7452
7460
7466
7513
7559
7626
7666
7678
7703
7731
7751
7805
7873
7916
7976
7980
7983
7993
8022
8084
8212
8235
8237
8250
8257
8298
8362
8440
8473
8493
8494
8524
8542
8587
8640
8683
8735
8913
8914
9004
9014
9074
9082
9125
9132
9195
9301
9327
9355
9377
9384
9420
9564
9566
9577
9589
9686
9708
9721
9722
9753
9823
9836
9873
9902
9912
9915
9916
9917
9919
9921
9953
9973
10034
10040
10112
10146
10271
10299
10329
10330
10347
10353
10390
10398
10462
10463
10535
10571
10574
10582
10584
10624
10725
10769
10850
10921
11010
11032
11034
11072
11095
11103
11138
11139
11153
11161
11168
11194
11196
11215
11247
11301
11348
11373
11456
11498
11521
11523
11544
11557
11595
11606
11624
11684
11690
11729
11898
11914
11948
11961
12046
12125
12186
12226
12260
12325
12371
12404
12420
12428
12518
12587
12600
12641
12687
12697
12703
12735
12778
12795
12854
12953
12992
12996
13006
13017
13058
13079
13191
13326
13364
13397
13460
13469
13477
13493
13499
13507
13546
13586
13610
13616
13680
13689
13700
13877
13891
13998
14054
14055
14137
14187
14207
14237
14239
14261
14262
14280
14295
14297
14301
14308
14405
14427
14508
14510
14586
14677
14736
14741
14760
14762
14767
14956
15005
15039
15042
15101
15136
15224
15246
15311
15312
