10
130
132
163
269
468
618
623
680
723
724
820
823
1146
1169
1242
1684
1903
1954
2648
2659
2660
2953
3002
3056
3066
3902
3957
4007
4054
4657
4778
4904
5087
5655
5661
5684
6173
6316
6387
6880
6883
7146
7305
7573
7630
7677
8279
8418
8676
8786
8798
9322
9402
9532
9533
9894
9985
10037
10135
10136
10197
10478
10484
11176
11187
11869
12280
12340
12412
12451
12487
12740
12793
12967
13098
13125
13126
13167
13203
13526
13977
14209
14413
14540
14653
14683
14693
14744
14781
14813
14886
14896
14945
14963
14993
