92
295
330
454
485
595
773
843
1119
1326
1410
1532
1694
1811
1876
2008
2099
2246
2262
2442
2458
2531
2548
2721
2745
2940
2964
3016
3080
3095
3227
3411
3415
3453
3689
3997
4082
4292
4309
4353
4395
4457
4478
4727
4800
4934
5033
5145
5177
5220
5288
5292
5355
5591
5726
5777
5942
6008
6169
6232
6332
6524
6735
6751
6763
6818
6962
6990
7019
7088
7148
7157
7244
7315
7432
7447
7506
7616
7766
7872
7879
7909
7933
7992
8029
8223
8238
8344
8364
8382
8439
8671
8815
8841
8863
8900
8919
8963
8969
9034
9043
9078
9179
9188
9189
9342
9490
9559
9643
9750
9783
9806
10256
10365
10384
10459
10506
10563
10586
10859
10887
11039
11108
11109
11113
11118
11224
11282
11604
11875
11884
11945
12009
12018
12135
12169
12305
12332
12375
12388
12426
12479
12483
12489
12595
12739
12808
12809
12963
13041
13155
13279
13410
13449
13545
13565
13625
13696
13718
13727
13739
13880
14015
14017
14064
14324
14477
14481
14774
14788
14950
15035
15193
15241
