60
125
387
482
498
580
803
826
828
870
914
966
1147
1153
1186
1278
1283
1392
1393
1445
1512
1640
1871
1881
2164
2180
2191
2232
2388
2476
2508
2577
2652
2744
2751
2755
2771
2775
3230
3257
3340
3448
3476
3494
3535
3634
3782
3918
3949
3974
4006
4036
4052
4371
4394
4409
4410
4424
4501
4607
4677
4725
4789
4820
4843
4997
5052
5179
5232
5368
5562
5567
5581
5686
5736
6006
6091
6265
6369
6384
6402
6406
6620
6974
6996
7034
7115
7551
7557
7645
7994
8019
8038
8120
8232
8297
8367
8405
8716
8838
9081
9279
9341
9578
9579
9690
9905
9920
9922
9949
9980
10377
10433
10443
10456
10553
10777
10808
10899
10987
11092
11149
11237
11446
11494
11541
11546
11584
11597
11694
11747
11748
11774
11905
11957
12035
12055
12117
12138
12156
12189
12352
12448
12852
12866
12887
12978
13331
13355
13363
13470
13506
13599
14029
14069
14114
14222
14286
14302
14444
14457
14514
14682
14713
14824
14875
15073
15163
15215
15293
