72
110
202
214
255
260
307
327
385
407
425
534
663
1111
1148
1274
1555
1639
1643
1665
1742
1809
1890
1892
1937
1980
2109
2236
2261
2337
2478
2610
2797
2901
3035
3049
3117
3142
3253
3286
3301
3542
3630
3734
3784
3827
3904
3927
3965
3991
4166
4202
4234
4325
4351
4356
4423
4538
4566
4604
4835
4898
4905
4906
4951
4968
5041
5155
5161
5183
5283
5325
5399
5683
5693
5752
5754
5761
5799
5849
6087
6153
6191
6289
6307
6421
6553
6561
6698
6720
6853
6928
6953
7037
7064
7103
7114
7131
7138
7153
7295
7301
7306
7383
7460
7466
7626
7666
7678
7703
7805
7873
7916
7976
7983
8022
8084
8235
8257
8362
8440
8473
8494
8524
8587
8640
8683
8913
8914
9082
9125
9195
9301
9384
9420
9589
9708
9721
9722
9753
9836
9912
9916
9919
9921
9953
10034
10040
10329
10330
10347
10463
10535
10574
10582
10584
10624
10769
10921
11032
11034
11095
11103
11138
11161
11194
11215
11301
11348
11373
11523
11595
11684
11729
11898
11914
11961
12046
12226
12260
12404
12428
12587
12641
12687
12697
12735
12795
12854
12953
12992
12996
13006
13017
13058
13079
13191
13326
13364
13460
13477
13499
13507
13616
13680
13891
14187
14237
14261
14262
14280
14295
14297
14308
14405
14510
14677
14736
14767
15005
15039
15042
15101
15136
15224
15246
15312
