8
10
18
56
74
104
105
130
132
163
227
253
267
269
353
381
468
474
476
486
490
491
548
552
560
618
623
625
640
660
672
680
695
702
723
724
747
758
763
771
778
820
823
832
834
850
895
948
951
962
1129
1140
1146
1169
1174
1237
1242
1244
1246
1269
1280
1306
1320
1397
1399
1415
1420
1442
1443
1520
1522
1525
1540
1545
1549
1561
1570
1578
1583
1586
1596
1602
1615
1616
1644
1647
1652
1674
1684
1685
1698
1720
1730
1743
1744
1813
1814
1818
1821
1852
1878
1903
1917
1920
1941
1954
2005
2046
2068
2078
2079
2083
2090
2101
2140
2212
2237
2259
2371
2377
2389
2396
2457
2482
2536
2572
2588
2590
2595
2616
2623
2648
2655
2659
2660
2669
2703
2727
2732
2746
2747
2788
2789
2807
2809
2872
2881
2919
2920
2949
2953
2960
2976
2977
2979
2987
3002
3007
3025
3038
3056
3066
3096
3141
3156
3157
3159
3191
3294
3310
3350
3375
3397
3454
3474
3478
3523
3545
3546
3574
3618
3670
3683
3697
3702
3727
3737
3774
3783
3796
3832
3836
3837
3876
3880
3902
3913
3929
3937
3939
3956
3957
3983
3984
3996
3998
4007
4022
4023
4044
4054
4083
4085
4112
4129
4206
4221
4279
4280
4288
4300
4304
4307
4317
4345
4354
4370
4427
4441
4452
4458
4482
4488
4489
4502
4553
4573
4610
4637
4638
4644
4657
4666
4668
4670
4674
4690
4700
4702
4706
4735
4753
4770
4778
4783
4787
4788
4816
4831
4871
4875
4879
4893
4894
4901
4903
4904
4922
5027
5031
5042
5058
5075
5087
5112
5149
5186
5233
5247
5264
5295
5345
5351
5360
5366
5370
5372
5375
5377
5418
5436
5455
5466
5535
5545
5553
5625
5655
5661
5665
5684
5775
5826
5829
5846
5848
5974
6010
6016
6032
6033
6063
6077
6127
6168
6171
6173
6210
6254
6269
6270
6316
6333
6373
6378
6387
6389
6395
6416
6419
6423
6428
6439
6464
6474
6479
6559
6581
6585
6586
6647
6673
6700
6710
6718
6719
6739
6755
6760
6792
6847
6850
6880
6883
6951
7000
7001
7029
7099
7119
7122
7146
7195
7227
7232
7248
7268
7269
7271
7275
7285
7302
7305
7350
7379
7458
7504
7512
7564
7570
7573
7574
7575
7583
7598
7602
7615
7630
7650
7671
7677
7682
7690
7721
7740
7755
7759
7775
7781
7840
7850
7858
7871
7922
7943
7956
7959
7965
7971
7974
7986
8030
8076
8099
8138
8161
8184
8234
8239
8279
8291
8338
8394
8410
8417
8418
8422
8443
8462
8467
8508
8546
8562
8604
8676
8681
8682
8725
8728
8734
8744
8759
8786
8798
8807
8833
8872
8882
8898
8949
8976
9017
9080
9085
9093
9097
9099
9102
9106
9124
9147
9164
9184
9204
9211
9275
9306
9322
9374
9402
9417
9418
9438
9463
9466
9482
9498
9501
9521
9532
9533
9555
9560
9574
9590
9633
9641
9644
9645
9648
9650
9665
9666
9672
9681
9714
9734
9744
9761
9769
9820
9824
9830
9838
9858
9869
9871
9885
9891
9894
9930
9940
9944
9948
9971
9985
9986
10012
10037
10038
10047
10053
10135
10136
10157
10166
10197
10208
10211
10215
10219
10252
10272
10295
10339
10357
10392
10428
10431
10439
10441
10452
10466
10467
10477
10478
10482
10484
10488
10502
10515
10555
10564
10568
10572
10593
10606
10610
10708
10741
10751
10752
10758
10797
10835
10848
10851
10864
10889
10897
10915
10928
10929
10972
10986
10990
11020
11036
11063
11079
11080
11093
11098
11117
11133
11134
11176
11187
11195
11205
11225
11236
11278
11313
11349
11402
11417
11448
11465
11474
11478
11522
11560
11619
11640
11685
11698
11699
11700
11704
11705
11708
11712
11762
11869
11880
11888
11940
11989
11995
12043
12047
12054
12082
12149
12161
12167
12168
12176
12179
12180
12190
12198
12200
12221
12237
12244
12264
12280
12322
12340
12368
12390
12398
12412
12414
12424
12429
12443
12446
12451
12454
12473
12475
12481
12487
12521
12523
12547
12574
12621
12622
12721
12723
12740
12741
12749
12763
12787
12793
12796
12797
12811
12819
12823
12838
12898
12952
12967
12971
13001
13045
13047
13056
13071
13098
13105
13106
13116
13125
13126
13154
13158
13163
13166
13167
13184
13203
13231
13251
13252
13280
13339
13347
13348
13407
13415
13416
13450
13464
13486
13505
13514
13526
13530
13542
13555
13587
13596
13628
13645
13653
13654
13668
13684
13709
13737
13738
13748
13796
13819
13822
13850
13889
13895
13910
13925
13930
13977
13984
13985
13988
13993
14024
14025
14049
14089
14102
14112
14142
14186
14209
14210
14215
14236
14293
14296
14310
14319
14330
14339
14377
14413
14422
14531
14540
14549
14594
14600
14601
14629
14653
14655
14669
14680
14683
14691
14692
14693
14697
14699
14700
14707
14714
14721
14727
14744
14761
14771
14777
14781
14787
14812
14813
14829
14834
14856
14871
14878
14882
14886
14893
14896
14914
14920
14923
14930
14945
14952
14958
14963
14973
14993
15034
15066
15076
15092
15119
15167
15181
15191
15207
15216
15221
15289
