296
496
544
698
1277
1303
1347
1497
1541
1544
1642
1913
2086
2094
2314
2350
2475
2506
2697
2758
3396
3724
3864
3881
3906
4132
4259
4305
4390
4456
4733
5101
5289
5365
5749
5838
5886
5909
6132
6135
6370
6401
6587
6708
6713
6744
7027
7152
7234
7253
7299
7418
7451
7452
7513
7559
7731
7751
7980
7993
8212
8237
8250
8298
8493
8542
8735
9004
9014
9074
9132
9327
9355
9377
9564
9566
9577
9686
9823
9873
9902
9915
9917
9973
10112
10146
10271
10299
10353
10390
10398
10462
10571
10725
10850
11010
11072
11139
11153
11168
11196
11247
11456
11498
11521
11544
11557
11606
11624
11690
11948
12125
12186
12325
12371
12420
12518
12600
12703
12778
13397
13469
13493
13546
13586
13610
13689
13700
13877
13998
14054
14055
14137
14207
14239
14301
14427
14508
14586
14741
14760
14762
14956
15311
