8
74
104
381
1237
1578
1720
1730
1814
2237
2482
2746
2872
2987
3096
3294
3574
3697
3837
4044
4221
4288
4317
4345
4370
4482
4610
4674
4753
4783
4787
4831
4871
4893
4903
5031
5370
5826
6168
6416
6792
6847
7227
7275
7350
7575
7583
7971
8394
9102
9204
9306
9482
9574
9666
9824
9838
10012
10208
10295
10466
10482
10515
10568
10606
10741
11036
11080
11117
11402
11417
11448
11478
11699
11708
11880
12398
12475
12547
12749
12971
13415
13450
13542
13654
14089
14186
14293
14600
14680
14691
14692
14707
14787
14834
14958
15191
