97
116
199
276
332
584
591
728
809
878
881
953
1039
1043
1090
1133
1205
1256
1340
1403
1606
1726
1778
1814
1848
1920
1958
2072
2122
2140
2172
2305
2315
2340
2351
2424
2430
2536
2557
2572
2752
2847
2884
3043
3229
3271
3311
3318
3334
3450
3503
3559
3607
3640
3689
3711
3767
3783
3792
3958
4005
4030
4043
4087
4139
4176
4204
4211
4215
4307
4319
4332
4391
4434
4448
4496
4768
4774
4858
4888
4914
5012
5053
5247
5291
5293
5313
5361
5426
5507
5518
5554
5595
5604
5644
5865
5870
5895
5954
5973
6027
6070
6134
6263
6310
6336
6337
6553
6584
6621
6644
6648
6850
6990
7161
7167
7179
7191
7222
7232
7269
7309
7361
7405
7509
7529
7562
7570
7576
7588
7670
7830
7921
8004
8033
8034
8046
8059
8168
8190
8240
8241
8301
8305
8319
8321
8515
8575
8672
