2
37
57
65
97
116
199
208
258
259
276
282
296
332
421
434
498
502
584
591
718
728
777
809
847
878
879
880
881
943
953
965
998
1039
1043
1090
1102
1133
1152
1180
1205
1206
1256
1262
1271
1340
1403
1517
1606
1726
1729
1778
1814
1848
1878
1915
1920
1958
1971
2027
2072
2121
2122
2140
2141
2172
2201
2235
2305
2315
2340
2351
2396
2403
2424
2430
2432
2436
2452
2536
2557
2572
2573
2579
2645
2673
2721
2752
2844
2847
2864
2884
2904
3010
3042
3043
3064
3094
3111
3142
3159
3162
3208
3229
3232
3271
3311
3318
3334
3347
3450
3451
3503
3559
3560
3607
3617
3629
3630
3640
3689
3711
3756
3767
3783
3785
3792
3793
3821
3827
3884
3924
3949
3955
3958
4005
4030
4043
4044
4087
4102
4139
4176
4185
4204
4211
4215
4251
4289
4307
4319
4332
4346
4391
4434
4439
4448
4468
4496
4574
4632
4639
4768
4773
4774
4792
4858
4880
4888
4914
5012
5053
5247
5263
5267
5291
5293
5313
5361
5426
5450
5471
5507
5508
5518
5554
5595
5604
5637
5644
5663
5717
5742
5852
5865
5870
5871
5888
5895
5933
5953
5954
5960
5973
6014
6027
6070
6134
6143
6263
6308
6310
6336
6337
6346
6407
6417
6429
6444
6496
6551
6553
6567
6584
6621
6627
6644
6648
6703
6760
6843
6850
6855
6857
6894
6935
6965
6979
6990
6992
7001
7027
7120
7161
7167
7179
7191
7218
7222
7232
7268
7269
7279
7309
7335
7361
7404
7405
7459
7509
7529
7530
7534
7562
7570
7576
7588
7606
7660
7670
7709
7729
7830
7921
7931
7944
7999
8004
8033
8034
8046
8059
8157
8167
8168
8190
8220
8240
8241
8294
8298
8301
8305
8313
8319
8321
8340
8415
8447
8515
8575
8672
