3
5
40
66
68
184
405
431
433
440
501
672
798
806
840
865
866
944
1009
1042
1069
1105
1123
1332
1460
1594
1611
1685
1901
1909
1941
2000
2078
2123
2165
2202
2224
2369
2393
2435
2506
2575
2670
2687
2713
2753
2754
2761
2838
2842
3028
3044
3122
3140
3214
3215
3230
3304
3490
3538
3569
3579
3619
3636
3638
3753
3818
3862
4061
4082
4254
4262
4264
4285
4318
4361
4410
4541
4714
4733
4931
4942
4988
5149
5162
5188
5211
5217
5250
5262
5381
5414
5427
5456
5462
5550
5783
5791
5919
5943
5972
5974
6021
6101
6125
6174
6265
6294
6322
6333
6438
6488
6495
6632
6640
6641
6700
6879
6910
6962
6985
6997
7028
7039
7196
7230
7307
7360
7388
7402
7546
7558
7607
7617
7698
7813
7872
7947
7975
8055
8080
8221
8245
8263
8264
8269
8271
8280
8295
8338
8342
8365
8384
8426
8467
8492
8608
8617
