48
115
141
251
321
338
354
393
510
597
602
700
709
717
774
775
810
888
923
1027
1216
1289
1297
1328
1371
1385
1400
1431
1489
1507
1519
1588
1595
1603
1622
1662
1672
1705
1812
1922
2004
2021
2149
2195
2197
2213
2214
2276
2378
2480
2488
2505
2513
2561
2585
2609
2678
2737
2741
2857
2863
2894
2961
2976
2986
2993
3041
3097
3110
3154
3192
3427
3428
3436
3493
3545
3609
3621
3713
3745
3768
3777
3781
3782
3849
3945
4035
4114
4260
4263
4339
4353
4376
4422
4469
4480
4506
4530
4724
4815
4887
4918
4981
5142
5147
5151
5177
5199
5241
5277
5288
5338
5364
5376
5476
5482
5490
5537
5569
5594
5653
5656
5659
5662
5714
5792
5832
5867
5877
5897
5934
6017
6051
6126
6130
6303
6307
6408
6441
6622
6763
6788
6792
6863
6900
6938
6970
7010
7023
7031
7038
7126
7228
7233
7276
7347
7419
7420
7423
7436
7565
7582
7592
7627
7669
7692
7795
7875
7881
8058
8098
8109
8246
8253
8288
8334
8343
8380
8412
8418
8449
8532
8538
8587
8622
8660
