3
5
40
48
66
68
115
141
182
184
232
236
251
254
321
331
338
354
390
393
405
431
433
439
440
442
495
501
510
560
589
597
602
633
637
672
700
709
717
774
775
798
806
810
840
854
865
866
888
923
944
966
988
1007
1009
1023
1027
1042
1069
1093
1094
1105
1123
1170
1216
1289
1297
1328
1332
1367
1371
1385
1400
1408
1431
1460
1489
1507
1519
1537
1568
1588
1594
1595
1603
1611
1622
1624
1662
1672
1685
1705
1716
1812
1901
1909
1922
1941
1994
2000
2004
2021
2078
2107
2123
2130
2131
2138
2149
2165
2183
2195
2197
2202
2213
2214
2224
2276
2278
2288
2310
2312
2369
2371
2372
2378
2393
2421
2435
2480
2488
2497
2505
2506
2509
2513
2548
2561
2567
2575
2585
2609
2670
2678
2687
2699
2713
2737
2741
2753
2754
2756
2761
2782
2836
2838
2842
2856
2857
2863
2894
2946
2961
2976
2986
2993
3000
3005
3028
3041
3044
3047
3083
3097
3110
3122
3140
3154
3184
3192
3214
3215
3218
3230
3304
3316
3317
3355
3393
3427
3428
3436
3490
3491
3493
3504
3538
3545
3569
3579
3583
3590
3591
3595
3609
3619
3621
3636
3638
3653
3666
3673
3713
3745
3753
3768
3771
3777
3781
3782
3788
3818
3849
3862
3914
3937
3945
4035
4061
4082
4095
4114
4174
4230
4254
4260
4262
4263
4264
4285
4288
4318
4339
4353
4361
4376
4410
4422
4444
4461
4469
4480
4506
4530
4541
4634
4644
4701
4714
4724
4733
4815
4878
4887
4918
4931
4942
4952
4981
4988
5000
5051
5132
5134
5142
5147
5149
5151
5153
5156
5162
5177
5188
5199
5202
5211
5217
5241
5243
5250
5262
5277
5288
5338
5364
5366
5376
5381
5414
5427
5456
5462
5476
5482
5490
5537
5550
5569
5593
5594
5607
5610
5653
5656
5659
5662
5714
5783
5791
5792
5832
5867
5873
5877
5897
5919
5934
5943
5972
5974
5977
5978
5979
5989
6017
6021
6036
6051
6101
6125
6126
6130
6174
6182
6229
6265
6293
6294
6303
6307
6322
6333
6350
6373
6382
6408
6438
6441
6488
6495
6506
6514
6550
6622
6632
6640
6641
6651
6660
6696
6700
6763
6788
6792
6813
6863
6879
6887
6900
6910
6938
6948
6955
6962
6970
6985
6997
7010
7023
7028
7031
7038
7039
7088
7111
7126
7138
7146
7195
7196
7228
7230
7233
7240
7276
7306
7307
7330
7347
7349
7351
7360
7377
7388
7402
7403
7419
7420
7423
7436
7546
7557
7558
7564
7565
7582
7592
7607
7610
7617
7619
7627
7669
7692
7698
7795
7813
7826
7872
7875
7877
7879
7880
7881
7939
7947
7975
8055
8058
8080
8085
8098
8106
8109
8128
8130
8153
8165
8221
8223
8245
8246
8253
8263
8264
8269
8271
8280
8288
8295
8334
8338
8342
8343
8365
8380
8384
8398
8406
8412
8418
8426
8449
8467
8492
8510
8532
8538
8542
8587
8608
8610
8617
8622
8660
