2
37
57
97
116
199
208
276
296
332
421
584
591
718
728
809
847
878
881
943
953
965
998
1039
1043
1090
1133
1152
1180
1205
1206
1256
1262
1340
1403
1517
1606
1726
1729
1778
1814
1848
1920
1958
1971
2072
2122
2140
2141
2172
2235
2305
2315
2340
2351
2396
2403
2424
2430
2432
2536
2557
2572
2579
2645
2673
2721
2752
2844
2847
2864
2884
2904
3010
3043
3094
3111
3208
3229
3271
3311
3318
3334
3450
3503
3559
3607
3640
3689
3711
3756
3767
3783
3785
3792
3827
3949
3958
4005
4030
4043
4044
4087
4139
4176
4204
4211
4215
4289
4307
4319
4332
4391
4434
4448
4496
4574
4632
4768
4774
4792
4858
4888
4914
5012
5053
5247
5263
5291
5293
5313
5361
5426
5450
5507
5508
5518
5554
5595
5604
5644
5717
5742
5852
5865
5870
5871
5895
5933
5954
5960
5973
6027
6070
6134
6263
6308
6310
6336
6337
6407
6429
6444
6496
6553
6584
6621
6644
6648
6703
6760
6850
6855
6894
6935
6979
6990
6992
7027
7120
7161
7167
7179
7191
7218
7222
7232
7269
7279
7309
7335
7361
7405
7459
7509
7529
7530
7562
7570
7576
7588
7606
7670
7709
7729
7830
7921
8004
8033
8034
8046
8059
8157
8168
8190
8220
8240
8241
8294
8298
8301
8305
8313
8319
8321
8340
8515
8575
8672
