182
232
236
254
331
390
439
442
495
560
589
633
637
854
966
988
1007
1023
1093
1094
1170
1367
1408
1537
1568
1624
1716
1994
2107
2130
2131
2138
2183
2278
2288
2310
2312
2371
2372
2421
2497
2509
2548
2567
2699
2756
2782
2836
2856
2946
3000
3005
3047
3083
3184
3218
3316
3317
3355
3393
3491
3504
3583
3590
3591
3595
3653
3666
3673
3771
3788
3914
3937
4095
4174
4230
4288
4444
4461
4634
4644
4701
4878
4952
5000
5051
5132
5134
5153
5156
5202
5243
5366
5593
5607
5610
5873
5977
5978
5979
5989
6036
6182
6229
6293
6350
6373
6382
6506
6514
6550
6651
6660
6696
6813
6887
6948
6955
7088
7111
7138
7146
7195
7240
7306
7330
7349
7351
7377
7403
7557
7564
7610
7619
7826
7877
7879
7880
7939
8085
8106
8128
8130
8153
8165
8223
8398
8406
8510
8542
8610
