48
115
141
182
232
236
251
254
321
331
338
354
390
393
439
442
495
510
560
589
597
602
633
637
700
709
717
774
775
810
854
888
923
966
988
1007
1023
1027
1093
1094
1170
1216
1289
1297
1328
1367
1371
1385
1400
1408
1431
1489
1507
1519
1537
1568
1588
1595
1603
1622
1624
1662
1672
1705
1716
1812
1922
1994
2004
2021
2107
2130
2131
2138
2149
2183
2195
2197
2213
2214
2276
2278
2288
2310
2312
2371
2372
2378
2421
2480
2488
2497
2505
2509
2513
2548
2561
2567
2585
2609
2678
2699
2737
2741
2756
2782
2836
2856
2857
2863
2894
2946
2961
2976
2986
2993
3000
3005
3041
3047
3083
3097
3110
3154
3184
3192
3218
3316
3317
3355
3393
3427
3428
3436
3491
3493
3504
3545
3583
3590
3591
3595
3609
3621
3653
3666
3673
3713
3745
3768
3771
3777
3781
3782
3788
3849
3914
3937
3945
4035
4095
4114
4174
4230
4260
4263
4288
4339
4353
4376
4422
4444
4461
4469
4480
4506
4530
4634
4644
4701
4724
4815
4878
4887
4918
4952
4981
5000
5051
5132
5134
5142
5147
5151
5153
5156
5177
5199
5202
5241
5243
5277
5288
5338
5364
5366
5376
5476
5482
5490
5537
5569
5593
5594
5607
5610
5653
5656
5659
5662
5714
5792
5832
5867
5873
5877
5897
5934
5977
5978
5979
5989
6017
6036
6051
6126
6130
6182
6229
6293
6303
6307
6350
6373
6382
6408
6441
6506
6514
6550
6622
6651
6660
6696
6763
6788
6792
6813
6863
6887
6900
6938
6948
6955
6970
7010
7023
7031
7038
7088
7111
7126
7138
7146
7195
7228
7233
7240
7276
7306
7330
7347
7349
7351
7377
7403
7419
7420
7423
7436
7557
7564
7565
7582
7592
7610
7619
7627
7669
7692
7795
7826
7875
7877
7879
7880
7881
7939
8058
8085
8098
8106
8109
8128
8130
8153
8165
8223
8246
8253
8288
8334
8343
8380
8398
8406
8412
8418
8449
8510
8532
8538
8542
8587
8610
8622
8660
