48
115
141
321
338
602
700
709
717
774
775
810
888
923
1216
1289
1297
1328
1385
1507
1588
1595
1603
1622
1662
1672
1705
1922
2149
2195
2197
2213
2214
2276
2480
2488
2505
2609
2678
2863
2894
2986
3041
3097
3110
3427
3428
3436
3493
3545
3609
3745
3768
3777
3781
3782
3945
4035
4260
4263
4353
4376
4422
4469
4480
4506
4530
4724
4815
4918
5142
5147
5151
5177
5241
5277
5288
5338
5376
5490
5537
5569
5653
5656
5659
5662
5714
5792
5832
5867
5877
5897
5934
6017
6051
6126
6130
6303
6408
6441
6622
6763
6788
6792
6863
6900
6938
6970
7010
7023
7031
7038
7126
7228
7233
7276
7347
7419
7420
7423
7436
7582
7592
7692
7795
7875
8098
8109
8246
8253
8288
8343
8380
8412
8418
8532
8538
8587
8660
