1
142
356
422
502
558
653
659
728
807
879
977
1043
1084
1207
1256
1340
1350
1524
1530
1732
1839
1950
1952
2094
2108
2279
2335
2351
2383
2400
2424
2436
2536
2884
2897
2927
3151
3162
3347
3450
3617
3674
3718
3868
3924
3928
3941
3951
3952
3955
3969
4005
4016
4026
4102
4111
4129
4139
4205
4236
4420
4508
4539
4627
4639
4914
5032
5037
5212
5236
5291
5418
5498
5612
5634
5649
5674
5751
5860
5888
5963
6063
6143
6244
6346
6509
6551
6588
6597
6646
6689
6702
6773
6781
6870
6965
6990
7123
7140
7268
7440
7735
7776
7971
8059
8169
8315
8596
8642
