48
52
141
150
166
176
202
208
254
258
276
395
462
499
627
685
763
804
875
921
922
1021
1025
1039
1094
1127
1229
1338
1408
1409
1504
1588
1697
1711
1716
1795
1871
1872
1882
1953
1956
2052
2119
2124
2141
2172
2183
2199
2313
2321
2363
2497
2561
2567
2579
2673
2782
2864
2879
2942
2946
2948
3021
3043
3068
3090
3110
3208
3248
3285
3298
3322
3372
3414
3484
3491
3583
3670
3823
3891
3905
3914
3920
4035
4039
4040
4043
4174
4186
4230
4278
4288
4289
4319
4393
4457
4478
4499
4530
4644
4724
4773
4775
4792
4832
4903
5000
5016
5109
5132
5202
5243
5247
5277
5366
5507
5508
5511
5512
5538
5561
5569
5604
5607
5666
5717
5775
5852
5863
5867
5871
5890
5891
5960
5979
6034
6053
6168
6282
6325
6336
6407
6498
6506
6527
6567
6595
6624
6643
6644
6652
6660
6691
6737
6746
6792
6846
6929
6935
6948
6955
7047
7115
7152
7161
7195
7240
7279
7306
7313
7348
7377
7439
7475
7530
7549
7557
7564
7576
7581
7582
7606
7614
7635
7640
7756
7798
7806
7830
7837
7877
7928
7998
8027
8128
8141
8153
8157
8168
8182
8187
8203
8223
8331
8343
8439
8469
8670
8671
