1
48
52
141
142
150
166
176
202
208
254
258
276
356
395
422
462
499
502
558
627
653
659
685
728
763
804
807
875
879
921
922
977
1021
1025
1039
1043
1084
1094
1127
1207
1229
1256
1338
1340
1350
1408
1409
1504
1524
1530
1588
1697
1711
1716
1732
1795
1839
1871
1872
1882
1950
1952
1953
1956
2052
2094
2108
2119
2124
2141
2172
2183
2199
2279
2313
2321
2335
2351
2363
2383
2400
2424
2436
2497
2536
2561
2567
2579
2673
2782
2864
2879
2884
2897
2927
2942
2946
2948
3021
3043
3068
3090
3110
3151
3162
3208
3248
3285
3298
3322
3347
3372
3414
3450
3484
3491
3583
3617
3670
3674
3718
3823
3868
3891
3905
3914
3920
3924
3928
3941
3951
3952
3955
3969
4005
4016
4026
4035
4039
4040
4043
4102
4111
4129
4139
4174
4186
4205
4230
4236
4278
4288
4289
4319
4393
4420
4457
4478
4499
4508
4530
4539
4627
4639
4644
4724
4773
4775
4792
4832
4903
4914
5000
5016
5032
5037
5109
5132
5202
5212
5236
5243
5247
5277
5291
5366
5418
5498
5507
5508
5511
5512
5538
5561
5569
5604
5607
5612
5634
5649
5666
5674
5717
5751
5775
5852
5860
5863
5867
5871
5888
5890
5891
5960
5963
5979
6034
6053
6063
6143
6168
6244
6282
6325
6336
6346
6407
6498
6506
6509
6527
6551
6567
6588
6595
6597
6624
6643
6644
6646
6652
6660
6689
6691
6702
6737
6746
6773
6781
6792
6846
6870
6929
6935
6948
6955
6965
6990
7047
7115
7123
7140
7152
7161
7195
7240
7268
7279
7306
7313
7348
7377
7439
7440
7475
7530
7549
7557
7564
7576
7581
7582
7606
7614
7635
7640
7735
7756
7776
7798
7806
7830
7837
7877
7928
7971
7998
8027
8059
8128
8141
8153
8157
8168
8169
8182
8187
8203
8223
8315
8331
8343
8439
8469
8596
8642
8670
8671
