48
52
141
166
176
202
254
276
395
462
499
627
685
763
804
921
1021
1025
1094
1127
1229
1408
1409
1504
1588
1697
1716
1795
1871
1882
1953
2052
2119
2183
2199
2313
2321
2363
2497
2561
2567
2579
2782
2879
2946
2948
3021
3068
3090
3110
3248
3285
3298
3372
3414
3484
3491
3583
3670
3823
3914
3920
4035
4039
4040
4174
4230
4288
4289
4393
4457
4478
4499
4530
4644
4724
4903
5000
5016
5109
5132
5202
5243
5277
5366
5511
5512
5538
5569
5607
5666
5863
5867
5891
5960
5979
6034
6053
6168
6282
6407
6498
6506
6595
6624
6652
6660
6691
6737
6792
6846
6929
6948
6955
7047
7115
7195
7240
7306
7313
7348
7377
7475
7549
7557
7564
7576
7582
7635
7640
7756
7798
7806
7837
7877
7928
8027
8128
8141
8153
8157
8187
8223
8331
8343
8469
