3
20
40
54
84
123
321
338
709
754
806
810
837
882
884
912
923
955
961
1013
1027
1123
1209
1279
1299
1343
1411
1416
1467
1507
1586
1649
1737
1831
1901
1909
1922
1990
2000
2078
2104
2165
2195
2197
2243
2331
2369
2435
2504
2506
2575
2587
2710
2713
2732
2735
2741
2754
2761
2787
2815
2857
2863
3077
3102
3122
3154
3214
3283
3436
3493
3545
3672
3777
3953
4019
4119
4254
4264
4281
4304
4361
4363
4376
4410
4559
4567
4588
4731
4762
4781
4815
4824
4998
5027
5092
5149
5162
5177
5217
5288
5303
5310
5381
5476
5550
5673
5679
5704
5724
5843
5897
5934
5944
5955
6021
6039
6115
6130
6174
6231
6265
6303
6454
6495
6511
6544
6641
6842
6899
6953
6962
6985
7010
7031
7038
7176
7184
7197
7200
7360
7388
7422
7535
7607
7627
7692
7734
7762
7909
7910
7950
8080
8087
8098
8109
8183
8221
8277
8384
8491
8617
