52
166
176
202
254
276
395
462
685
763
1025
1094
1127
1408
1504
1697
1716
1795
1953
2119
2183
2313
2321
2497
2561
2567
2782
2879
2946
2948
3021
3068
3090
3285
3298
3372
3414
3484
3491
3583
3670
3914
3920
4039
4040
4174
4230
4288
4457
4478
4499
4644
5000
5016
5109
5132
5202
5243
5366
5512
5538
5607
5666
5863
5979
6034
6168
6282
6498
6506
6624
6652
6660
6691
6737
6846
6948
6955
7115
7195
7240
7306
7313
7348
7377
7475
7549
7557
7564
7576
7635
7640
7756
7798
7806
7837
7877
7928
8128
8141
8153
8223
8331
8469
