3
20
40
54
66
68
84
86
123
124
321
338
344
433
606
672
709
754
780
806
810
837
882
884
912
923
955
961
1013
1027
1123
1209
1279
1299
1343
1411
1416
1454
1460
1467
1507
1586
1594
1605
1621
1649
1685
1737
1831
1883
1901
1909
1922
1990
2000
2078
2104
2165
2195
2197
2202
2243
2331
2369
2435
2504
2506
2575
2587
2710
2713
2732
2735
2741
2754
2761
2762
2787
2815
2857
2863
3077
3102
3122
3154
3214
3215
3230
3283
3436
3493
3538
3539
3545
3579
3672
3777
3953
4019
4037
4119
4254
4264
4281
4304
4315
4361
4363
4376
4410
4432
4490
4559
4567
4588
4731
4752
4762
4781
4815
4824
4942
4988
4989
4998
5027
5092
5149
5162
5177
5217
5288
5303
5310
5381
5476
5550
5673
5679
5704
5724
5749
5783
5843
5897
5934
5943
5944
5955
6021
6039
6101
6115
6130
6150
6162
6174
6231
6265
6303
6333
6416
6454
6495
6511
6544
6641
6842
6872
6899
6944
6953
6962
6985
6997
7010
7031
7038
7176
7184
7197
7200
7230
7360
7388
7422
7450
7535
7607
7627
7692
7734
7762
7813
7849
7872
7909
7910
7950
7975
8080
8087
8098
8109
8183
8221
8245
8264
8271
8277
8338
8366
8384
8480
8491
8617
