25
37
57
59
120
247
257
305
332
407
482
560
589
633
637
718
847
878
932
933
953
966
974
975
988
997
998
1039
1094
1152
1180
1205
1288
1290
1367
1379
1591
1606
1647
1650
1680
1716
1726
1809
1848
1958
1994
2122
2130
2140
2141
2172
2196
2278
2310
2312
2340
2403
2430
2528
2536
2567
2699
2752
2756
2836
2847
2856
2946
3000
3005
3083
3111
3208
3229
3311
3491
3590
3595
3684
3711
3766
3791
3792
3891
3914
3917
3919
4176
4188
4215
4230
4307
4356
4438
4448
4461
4634
4644
4691
4701
4749
4750
4768
4792
4948
4952
4974
5000
5051
5064
5127
5133
5156
5202
5243
5245
5255
5263
5293
5301
5313
5507
5518
5604
5613
5644
5655
5734
5809
5857
5873
5933
5978
5979
6036
6070
6141
6182
6310
6323
6327
6350
6377
6396
6506
6514
6584
6644
6648
6651
6696
6737
6760
6955
7009
7081
7120
7138
7146
7161
7167
7218
7306
7309
7335
7377
7405
7459
7509
7510
7529
7562
7606
7729
7756
7826
7978
8024
8029
8057
8085
8103
8118
8128
8153
8190
8223
8240
8241
8298
8340
8499
8510
8542
8610
8628
