25
59
120
407
482
560
589
633
637
953
966
988
1094
1288
1367
1716
1994
2130
2196
2278
2310
2312
2340
2528
2536
2567
2699
2756
2836
2847
2856
2946
3000
3005
3083
3491
3590
3595
3684
3791
3914
3917
4176
4188
4230
4356
4438
4461
4634
4644
4701
4750
4768
4952
4974
5000
5051
5064
5133
5156
5202
5243
5255
5613
5809
5873
5978
5979
6036
6141
6182
6323
6350
6377
6396
6506
6514
6648
6651
6696
6737
6955
7138
7146
7167
7306
7377
7509
7510
7756
7826
7978
8024
8057
8085
8103
8128
8153
8223
8510
8542
8610
8628
