11
25
37
48
57
59
120
232
247
251
257
296
304
305
321
331
332
338
354
393
407
482
560
589
597
633
637
691
709
717
718
774
775
810
828
847
848
854
875
876
878
923
932
933
953
966
974
975
988
997
998
1007
1027
1039
1094
1122
1126
1132
1152
1180
1205
1206
1225
1288
1289
1290
1367
1371
1379
1400
1507
1517
1526
1537
1588
1591
1595
1606
1613
1624
1647
1650
1662
1672
1680
1705
1716
1726
1784
1801
1809
1812
1848
1922
1944
1954
1958
1994
2004
2021
2026
2107
2122
2130
2131
2140
2141
2149
2172
2183
2184
2196
2213
2214
2278
2310
2312
2340
2362
2378
2403
2430
2432
2480
2488
2528
2536
2548
2567
2585
2625
2634
2659
2678
2691
2699
2752
2756
2836
2844
2847
2856
2857
2894
2946
2976
2986
3000
3005
3010
3041
3050
3083
3094
3097
3110
3111
3208
3229
3307
3311
3316
3393
3427
3428
3491
3493
3545
3590
3591
3595
3621
3666
3684
3711
3713
3745
3753
3766
3777
3781
3791
3792
3849
3891
3914
3917
3919
3945
3949
4035
4098
4114
4135
4176
4188
4215
4230
4260
4263
4288
4307
4322
4356
4376
4422
4438
4448
4461
4530
4634
4640
4644
4691
4701
4730
4749
4750
4768
4777
4792
4815
4887
4918
4948
4952
4958
4964
4974
4981
5000
5051
5063
5064
5102
5127
5133
5134
5142
5147
5151
5156
5199
5202
5243
5245
5255
5263
5277
5293
5301
5313
5338
5364
5376
5450
5482
5507
5508
5518
5557
5604
5607
5610
5613
5619
5644
5655
5656
5662
5714
5734
5762
5792
5796
5809
5832
5857
5867
5873
5877
5891
5897
5933
5934
5960
5978
5979
5989
6018
6036
6051
6070
6126
6140
6141
6155
6182
6195
6293
6303
6307
6310
6323
6327
6350
6377
6382
6396
6407
6506
6514
6584
6622
6636
6644
6648
6651
6696
6733
6737
6760
6792
6863
6887
6900
6955
6970
6975
7009
7010
7081
7120
7126
7138
7146
7161
7167
7218
7228
7233
7279
7296
7306
7309
7335
7347
7349
7351
7377
7402
7405
7419
7423
7436
7459
7509
7510
7514
7529
7547
7562
7565
7592
7600
7606
7610
7619
7697
7714
7729
7756
7795
7826
7875
7978
8008
8024
8029
8057
8058
8085
8098
8103
8118
8128
8153
8157
8190
8194
8220
8223
8240
8241
8246
8253
8298
8328
8334
8340
8365
8380
8398
8412
8413
8418
8499
8510
8532
8538
8542
8587
8610
8622
8628
8664
