11
48
232
251
296
304
321
331
338
354
393
597
691
709
717
774
775
810
828
848
854
875
876
923
1007
1027
1122
1126
1132
1206
1225
1289
1371
1400
1507
1517
1526
1537
1588
1595
1613
1624
1662
1672
1705
1784
1801
1812
1922
1944
1954
2004
2021
2026
2107
2131
2149
2183
2184
2213
2214
2362
2378
2432
2480
2488
2548
2585
2625
2634
2659
2678
2691
2844
2857
2894
2976
2986
3010
3041
3050
3094
3097
3110
3307
3316
3393
3427
3428
3493
3545
3591
3621
3666
3713
3745
3753
3777
3781
3849
3945
3949
4035
4098
4114
4135
4260
4263
4288
4322
4376
4422
4530
4640
4730
4777
4815
4887
4918
4958
4964
4981
5063
5102
5134
5142
5147
5151
5199
5277
5338
5364
5376
5450
5482
5508
5557
5607
5610
5619
5656
5662
5714
5762
5792
5796
5832
5867
5877
5891
5897
5934
5960
5989
6018
6051
6126
6140
6155
6195
6293
6303
6307
6382
6407
6622
6636
6733
6792
6863
6887
6900
6970
6975
7010
7126
7228
7233
7279
7296
7347
7349
7351
7402
7419
7423
7436
7514
7547
7565
7592
7600
7610
7619
7697
7714
7795
7875
8008
8058
8098
8157
8194
8220
8246
8253
8328
8334
8365
8380
8398
8412
8413
8418
8532
8538
8587
8622
8664
