65
258
498
584
688
779
809
879
880
1043
1090
1133
1355
1403
1521
1778
1807
1902
1920
2125
2351
2452
2476
2557
2572
2802
3043
3064
3271
3318
3334
3391
3451
3617
3629
3640
3689
3767
3793
4043
4081
4087
4102
4185
4204
4211
4251
4319
4346
4360
4391
4468
4496
4639
4888
4914
5091
5163
5275
5285
5406
5426
5494
5595
5637
5663
5842
5859
5870
5895
5936
5953
5954
6001
6009
6052
6112
6134
6336
6346
6357
6417
6517
6553
6557
6569
6621
6623
6972
7001
7025
7103
7232
7534
7594
7651
7670
7727
7818
7824
7830
7890
7921
8059
8131
8167
8319
8321
8515
