48
296
304
321
338
709
717
774
775
810
848
875
876
923
1122
1132
1206
1225
1289
1507
1517
1526
1588
1595
1613
1662
1672
1705
1801
1922
1954
2026
2149
2184
2213
2214
2432
2480
2488
2659
2678
2691
2844
2894
2986
3010
3041
3094
3097
3110
3427
3428
3493
3545
3745
3753
3777
3781
3945
3949
4035
4260
4263
4376
4422
4530
4815
4918
4958
4964
5102
5142
5147
5151
5277
5338
5376
5450
5508
5557
5656
5662
5714
5792
5796
5832
5867
5877
5891
5897
5934
5960
6018
6051
6126
6303
6407
6622
6792
6863
6900
6970
6975
7010
7126
7228
7233
7279
7296
7347
7402
7419
7423
7436
7514
7592
7600
7795
7875
8008
8098
8157
8194
8220
8246
8253
8365
8380
8412
8413
8418
8532
8538
8587
8664
