48
57
120
276
332
338
422
502
763
875
884
923
1005
1094
1127
1187
1409
1524
1591
1649
1697
1716
1922
2119
2141
2172
2214
2279
2313
2363
2528
2567
2710
2879
2897
2927
2946
3005
3110
3137
3271
3322
3372
3484
3545
3816
3891
3914
3941
3955
4102
4139
4186
4202
4260
4319
4376
4457
4475
4478
4499
4530
4644
4792
4815
4958
5102
5293
5376
5498
5507
5508
5557
5607
5613
5634
5674
5704
5860
5888
5890
5891
5934
5936
5960
5979
6112
6130
6203
6282
6346
6506
6507
6527
6588
6598
6623
6689
6737
6863
6972
7010
7161
7183
7218
7279
7377
7439
7606
7635
7640
7655
7711
7798
8059
8069
8080
8127
8128
8157
8167
8183
8223
8439
8642
8664
