8
381
486
640
672
695
758
771
832
962
1068
1129
1140
1306
1320
1397
1443
1522
1540
1545
1586
1609
1616
1698
1720
1730
1814
1878
2046
2079
2371
2457
2572
2590
2616
2732
2747
2788
2960
2977
3025
3038
3310
3350
3478
3545
3574
3697
3702
3956
4044
4208
4288
4300
4317
4458
4753
4770
4783
4811
4875
4879
4894
5027
5031
5058
5075
5112
5207
5233
5264
5345
5366
5370
5535
5553
5605
5826
6033
6171
6389
6673
6710
6718
6792
6850
7000
7001
7227
7269
7302
7429
7564
7574
7740
7775
7840
8107
8394
8682
9106
9124
9164
9184
9204
9211
9275
9306
9466
9501
9665
9672
9695
9761
9820
9838
9940
10053
10357
10392
10441
10610
10752
10758
10864
11036
11080
11093
11098
11117
11225
11417
11491
11685
11698
11699
11708
11712
11880
11995
12043
12264
12368
12398
12429
12443
12446
12473
12475
12787
12971
13056
13116
13154
13184
13450
13555
13615
13645
13654
13925
14089
14112
14293
14296
14319
14339
14377
14594
14655
14691
14727
14777
14806
14829
14834
14871
15066
15076
15167
15191
15207
