7
71
92
108
110
125
253
255
295
462
482
496
498
580
660
663
749
801
826
831
834
966
1084
1111
1119
1121
1185
1227
1277
1321
1442
1445
1512
1544
1595
1622
1639
1640
1642
1643
1755
1756
1787
1801
1811
1892
1913
1986
2007
2118
2153
2180
2246
2314
2318
2332
2345
2531
2556
2577
2580
2587
2745
2789
2839
2881
2920
2954
2979
3009
3080
3095
3117
3147
3253
3359
3447
3448
3630
3657
3689
3733
3827
3896
3900
3901
3912
3913
3925
3927
3928
3937
3965
4052
4131
4142
4166
4189
4193
4202
4206
4234
4259
4280
4290
4291
4321
4329
4353
4356
4364
4366
4371
4441
4473
4478
4488
4538
4573
4595
4607
4628
4739
4758
4800
4820
4892
5025
5033
5041
5053
5126
5177
5232
5275
5283
5292
5368
5369
5373
5399
5420
5431
5455
5456
5539
5596
5647
5683
5686
5741
5754
5837
5846
5848
5849
5886
5974
6032
6087
6091
6135
6169
6191
6265
6269
6332
6333
6345
6373
6384
6406
6439
6464
6479
6553
6579
6647
6678
6698
6703
6735
6740
6741
6744
6796
6921
6962
6974
7019
7034
7103
7144
7153
7244
7379
7383
7418
7506
7559
7616
7645
7654
7678
7703
7805
7858
7916
7933
7945
7956
7992
8030
8221
8223
8232
8238
8364
8410
8473
8493
8516
8546
8671
8675
8683
8735
8815
8900
8913
8963
8966
9004
9079
9081
9099
9112
9189
9280
9301
9323
9327
9342
9377
9384
9420
9497
9504
9521
9589
9633
9659
9708
9709
9722
9781
9783
9819
9836
9858
9871
9905
9921
9944
9948
9980
10128
10187
10305
10339
10347
10377
10440
10462
10470
10483
10489
10490
10553
10574
10586
10635
10769
10777
10808
10859
11032
11034
11100
11103
11138
11149
11186
11195
11224
11237
11265
11288
11289
11399
11422
11451
11494
11513
11521
11523
11528
11541
11544
11595
11597
11684
11691
11694
11700
11724
11729
11738
11747
11748
11762
11875
11988
12047
12125
12135
12138
12149
12179
12206
12304
12326
12352
12404
12406
12420
12553
12595
12599
12609
12647
12670
12687
12697
12735
12739
12745
12774
12778
12795
12796
12809
12854
12907
12970
12981
13028
13041
13047
13086
13120
13121
13124
13155
13163
13364
13365
13397
13449
13460
13462
13486
13499
13512
13545
13586
13599
13616
13865
13891
13982
13984
13986
14054
14080
14083
14188
14261
14262
14280
14423
14426
14477
14481
14508
14510
14539
14602
14631
14632
14682
14730
14760
14783
14856
15035
15085
15189
15193
15276
15312
