7
92
253
295
660
749
834
1084
1119
1185
1227
1442
1622
1755
1787
1811
2007
2246
2318
2531
2556
2587
2745
2789
2881
2920
2979
3080
3095
3359
3689
3912
3913
3925
3937
4131
4189
4206
4280
4291
4353
4366
4441
4478
4488
4573
4595
4628
4739
4758
4800
5025
5033
5126
5177
5275
5292
5420
5455
5846
5848
5974
6032
6169
6269
6332
6333
6373
6439
6464
6479
6647
6678
6703
6735
6962
7019
7144
7244
7379
7506
7616
7858
7933
7956
7992
8030
8221
8223
8238
8364
8410
8546
8671
8815
8900
8963
9079
9099
9112
9189
9280
9342
9504
9521
9633
9709
9783
9819
9858
9871
9944
9948
10128
10339
10470
10489
10586
10859
11195
11224
11422
11513
11691
11700
11738
11762
11875
12047
12135
12149
12179
12206
12326
12595
12670
12739
12745
12796
12809
12907
13041
13047
13120
13155
13163
13449
13462
13486
13545
13982
13984
14080
14477
14481
14856
15035
15193
15276
