71
108
110
255
462
663
801
831
1111
1121
1321
1595
1639
1643
1756
1801
1892
1913
1986
2118
2153
2314
2332
2345
2839
2954
3009
3117
3253
3630
3657
3827
3896
3901
3927
3928
3965
4142
4166
4202
4234
4259
4321
4329
4356
4364
4473
4538
4892
5041
5053
5283
5369
5373
5399
5431
5456
5596
5647
5683
5754
5837
5886
6087
6191
6553
6579
6698
6740
6741
7103
7153
7383
7654
7678
7703
7805
7916
8473
8516
8683
8735
8913
8966
9004
9301
9323
9377
9384
9420
9497
9589
9708
9722
9836
9921
10347
10440
10483
10490
10574
10635
10769
11032
11034
11100
11103
11138
11186
11265
11288
11399
11451
11523
11595
11684
11724
11729
11988
12125
12304
12404
12406
12553
12599
12609
12647
12687
12697
12735
12774
12795
12854
12970
12981
13028
13086
13124
13364
13365
13460
13499
13512
13616
13891
13986
14083
14261
14262
14280
14423
14426
14510
14539
14602
14631
14632
14730
14783
15085
15312
