8
10
74
130
132
163
381
486
548
640
672
680
695
758
771
820
823
832
962
1068
1129
1140
1246
1306
1320
1397
1443
1522
1540
1545
1586
1609
1616
1698
1720
1730
1814
1878
1903
1954
2046
2079
2111
2371
2457
2572
2590
2616
2732
2747
2788
2919
2960
2977
3025
3038
3056
3310
3350
3478
3522
3524
3545
3574
3697
3702
3837
3902
3943
3956
4007
4044
4208
4288
4300
4317
4370
4458
4753
4770
4783
4811
4831
4875
4879
4893
4894
4904
5027
5031
5058
5075
5112
5207
5233
5264
5345
5366
5370
5535
5553
5605
5655
5661
5684
5826
6033
6171
6254
6316
6387
6389
6673
6710
6718
6792
6850
6880
7000
7001
7146
7227
7269
7302
7429
7564
7573
7574
7575
7602
7677
7740
7775
7840
8107
8279
8394
8682
8798
8882
9106
9124
9164
9184
9204
9211
9275
9306
9322
9466
9501
9665
9672
9695
9761
9820
9838
9891
9940
10053
10197
10357
10392
10441
10452
10484
10568
10610
10708
10752
10758
10864
11036
11080
11093
11098
11117
11134
11225
11417
11491
11685
11698
11699
11708
11712
11880
11995
12043
12264
12340
12368
12398
12412
12429
12443
12446
12451
12473
12475
12740
12787
12793
12971
13056
13098
13116
13154
13167
13184
13450
13526
13555
13615
13645
13654
13850
13889
13925
13977
14089
14112
14142
14293
14296
14319
14339
14377
14594
14653
14655
14683
14691
14693
14727
14777
14781
14806
14829
14834
14871
14886
14945
14993
15066
15076
15167
15191
15207
