6
7
92
102
371
419
490
491
534
663
760
1121
1174
1227
1274
1415
1430
1532
1620
1635
1694
1695
1848
1851
1876
1892
2007
2153
2246
2429
2478
2587
2588
2728
2745
2881
3071
3095
3213
3286
3411
3412
3415
3453
3616
3621
3775
3783
3896
3928
3965
4001
4280
4356
4473
4538
4547
4573
4595
4628
4758
4934
5060
5076
5095
5115
5171
5177
5183
5369
5427
5455
5647
5664
5701
5726
5777
5861
5942
6153
6169
6325
6375
6698
6703
6720
6798
6804
6953
6962
6970
7019
7054
7131
7148
7149
7295
7306
7379
7421
7570
7595
7616
7749
7807
7920
7925
7956
7983
8410
8516
8587
8721
8900
9078
9189
9280
9301
9342
9708
9709
9714
9715
9745
9775
9783
9858
10059
10181
10317
10330
10334
10339
10348
10383
10384
10440
10470
10490
10584
10613
10624
10858
11063
11224
11282
11437
11451
11470
11538
11619
11629
11691
11721
11724
11739
11762
11865
11961
12047
12165
12191
12244
12304
12326
12404
12414
12440
12483
12641
12658
12687
12739
12774
12809
12907
12955
12970
13042
13086
13189
13191
13243
13279
13326
13365
13449
13462
13477
13485
13486
13525
13536
13824
13842
13912
13984
14064
14252
14297
14423
14477
14481
14515
14530
14535
14573
14602
14774
14788
14950
15310
