6
7
31
92
102
267
270
296
335
371
407
419
490
491
496
534
580
640
663
672
698
760
803
951
966
1121
1174
1222
1227
1231
1274
1306
1347
1397
1415
1430
1442
1512
1532
1540
1545
1549
1586
1596
1620
1635
1640
1644
1647
1651
1694
1695
1698
1738
1744
1751
1793
1818
1848
1851
1871
1876
1878
1881
1892
1913
1947
1948
2007
2079
2109
2153
2200
2232
2246
2314
2358
2388
2396
2429
2457
2475
2478
2485
2499
2587
2588
2590
2668
2669
2728
2732
2740
2745
2758
2775
2881
2960
3007
3055
3071
3095
3141
3191
3213
3242
3257
3286
3350
3411
3412
3415
3453
3478
3523
3535
3545
3611
3616
3621
3623
3683
3774
3775
3777
3783
3827
3832
3876
3881
3896
3904
3926
3928
3956
3965
3996
3998
4001
4012
4085
4132
4225
4259
4280
4300
4356
4371
4430
4452
4473
4489
4538
4541
4547
4573
4595
4628
4641
4745
4758
4770
4816
4867
4879
4894
4905
4934
4944
4995
5027
5058
5060
5075
5076
5095
5101
5112
5115
5171
5177
5183
5195
5369
5413
5427
5443
5455
5481
5494
5553
5567
5647
5664
5701
5726
5775
5777
5861
5909
5942
5983
6029
6032
6063
6153
6169
6171
6269
6270
6325
6375
6378
6384
6419
6474
6587
6673
6698
6703
6710
6718
6720
6798
6804
6871
6952
6953
6962
6970
6974
6979
6996
7019
7027
7028
7029
7034
7054
7115
7119
7129
7131
7148
7149
7153
7195
7253
7255
7268
7293
7295
7306
7328
7373
7379
7421
7452
7513
7564
7570
7574
7584
7595
7616
7626
7650
7678
7749
7755
7759
7775
7807
7840
7854
7920
7922
7925
7956
7983
8030
8048
8076
8099
8212
8232
8297
8337
8410
8422
8462
8493
8504
8516
8546
8562
8587
8721
8759
8898
8900
8934
8939
8946
8949
9017
9078
9085
9106
9124
9189
9203
9211
9243
9260
9275
9279
9280
9301
9342
9374
9417
9578
9602
9665
9690
9708
9709
9714
9715
9745
9761
9775
9783
9823
9858
9873
9902
9922
9930
9944
9962
9971
9973
10038
10059
10146
10181
10317
10330
10334
10339
10348
10377
10383
10384
10392
10421
10440
10441
10443
10450
10470
10473
10490
10584
10593
10613
10624
10689
10725
10732
10752
10758
10777
10808
10811
10815
10858
10864
10927
10996
11034
11036
11063
11093
11138
11149
11224
11282
11294
11313
11329
11437
11446
11451
11470
11504
11521
11538
11544
11606
11619
11624
11629
11691
11698
11712
11721
11724
11726
11727
11739
11762
11865
11883
11961
11995
12015
12030
12043
12047
12127
12156
12165
12176
12191
12198
12244
12304
12326
12352
12404
12414
12429
12440
12446
12473
12483
12521
12614
12641
12658
12687
12712
12721
12739
12741
12763
12774
12809
12819
12897
12907
12951
12955
12970
13042
13056
13086
13111
13116
13189
13191
13206
13243
13279
13326
13348
13365
13399
13449
13462
13477
13485
13486
13525
13536
13555
13645
13709
13710
13748
13780
13824
13842
13891
13912
13984
14024
14064
14102
14252
14297
14319
14326
14339
14377
14423
14477
14481
14510
14514
14515
14530
14531
14535
14573
14594
14602
14613
14697
14700
14713
14714
14774
14788
14842
14882
14907
14914
14950
14992
15007
15091
15207
15310
15311
