8
74
104
130
132
159
163
269
680
724
823
1146
1244
1246
1466
2042
2111
2112
2185
2237
2648
2659
2746
2872
2919
2953
2976
3096
3156
3409
3454
3546
3697
3837
3902
3957
4007
4044
4054
4221
4222
4288
4317
4370
4482
4657
4753
4831
4871
4893
4900
4903
4904
5193
5370
5655
5661
5684
5826
6254
6316
6847
7146
7209
7275
7573
7671
7677
7871
7974
8418
8443
8607
8798
8882
8883
9204
9306
9402
9532
9533
9590
9663
9810
9824
9838
9894
9985
10078
10136
10197
10295
10452
10464
10478
10564
10568
10708
10741
10848
11134
11187
11217
11236
11402
11417
11448
11478
11699
11768
11880
12280
12340
12398
12412
12451
12740
12749
12793
12944
12971
13098
13203
13526
13542
13685
13850
13930
13977
14089
14142
14186
14532
14572
14600
14653
14683
14691
14693
14744
14752
14781
14813
14834
14905
14963
15128
15191
15286
