270
296
335
407
496
580
698
803
966
1231
1347
1512
1640
1651
1738
1793
1871
1881
1913
1947
1948
2109
2200
2232
2314
2388
2475
2499
2668
2740
2758
2775
3055
3257
3535
3611
3623
3777
3827
3881
3904
4132
4225
4259
4371
4541
4905
5101
5195
5494
5567
5909
5983
6029
6384
6587
6871
6974
6979
6996
7027
7028
7034
7115
7129
7153
7253
7255
7373
7452
7513
7584
7626
7678
7854
8048
8212
8232
8297
8337
8493
8939
8946
9243
9260
9279
9578
9602
9690
9823
9873
9902
9922
9962
9973
10146
10377
10421
10443
10450
10473
10689
10725
10777
10808
10811
10815
10927
10996
11034
11138
11149
11294
11329
11446
11521
11544
11606
11624
11726
11727
11883
12015
12030
12127
12156
12352
12614
12897
12951
13206
13710
13780
13891
14510
14514
14713
14907
15091
15311
