6
419
534
663
760
1121
1274
1430
1635
1695
1848
1892
2153
2429
2478
2728
3071
3286
3412
3621
3928
3965
4356
4473
4538
4547
4758
5076
5115
5171
5183
5369
5647
5664
5701
5861
6153
6375
6698
6720
6804
6953
7054
7131
7295
7306
7421
7595
7920
7925
7983
8516
8587
9301
9708
9709
9715
9775
10059
10181
10317
10330
10348
10383
10440
10584
10624
11451
11470
11538
11721
11724
11865
11961
12165
12304
12404
12641
12658
12687
12774
12907
12970
13042
13189
13191
13243
13326
13365
13477
13485
13525
13536
14297
14423
14515
14530
14573
14602
