31
267
640
672
951
1222
1306
1397
1442
1540
1545
1549
1586
1596
1644
1647
1698
1744
1751
1818
1878
2079
2358
2396
2457
2485
2590
2669
2732
2960
3007
3141
3191
3242
3350
3478
3523
3545
3683
3774
3832
3876
3926
3956
3996
3998
4012
4085
4300
4430
4452
4489
4641
4745
4770
4816
4867
4879
4894
4944
4995
5027
5058
5075
5112
5413
5443
5481
5553
5775
6032
6063
6171
6269
6270
6378
6419
6474
6673
6710
6718
6952
7029
7119
7195
7268
7293
7328
7564
7574
7650
7755
7759
7775
7840
7922
8030
8076
8099
8422
8462
8504
8546
8562
8759
8898
8934
8949
9017
9085
9106
9124
9203
9211
9275
9374
9417
9665
9761
9930
9944
9971
10038
10392
10441
10593
10732
10752
10758
10864
11036
11093
11313
11504
11698
11712
11995
12043
12176
12198
12429
12446
12473
12521
12712
12721
12741
12763
12819
13056
13111
13116
13348
13399
13555
13645
13709
13748
14024
14102
14319
14326
14339
14377
14531
14594
14613
14697
14700
14714
14842
14882
14914
14992
15007
15207
