7
92
102
371
490
491
1174
1227
1415
1532
1620
1694
1851
1876
2007
2246
2587
2588
2745
2881
3095
3213
3411
3415
3453
3616
3775
3783
3896
4001
4280
4573
4595
4628
4934
5060
5095
5177
5427
5455
5726
5777
5942
6169
6325
6703
6798
6962
6970
7019
7148
7149
7379
7570
7616
7749
7807
7956
8410
8721
8900
9078
9189
9280
9342
9714
9745
9783
9858
10334
10339
10384
10470
10490
10613
10858
11063
11224
11282
11437
11619
11629
11691
11739
11762
12047
12191
12244
12326
12414
12440
12483
12739
12809
12955
13086
13279
13449
13462
13486
13824
13842
13912
13984
14064
14252
14477
14481
14535
14774
14788
14950
15310
