6
7
31
92
102
267
371
419
490
491
534
640
663
672
760
951
1121
1174
1222
1227
1274
1306
1397
1415
1430
1442
1532
1540
1545
1549
1586
1596
1620
1635
1644
1647
1694
1695
1698
1744
1751
1818
1848
1851
1876
1878
1892
2007
2079
2153
2246
2358
2396
2429
2457
2478
2485
2587
2588
2590
2669
2728
2732
2745
2881
2960
3007
3071
3095
3141
3191
3213
3242
3286
3350
3411
3412
3415
3453
3478
3523
3545
3616
3621
3683
3774
3775
3783
3832
3876
3896
3926
3928
3956
3965
3996
3998
4001
4012
4085
4280
4300
4356
4430
4452
4473
4489
4538
4547
4573
4595
4628
4641
4745
4758
4770
4816
4867
4879
4894
4934
4944
4995
5027
5058
5060
5075
5076
5095
5112
5115
5171
5177
5183
5369
5413
5427
5443
5455
5481
5553
5647
5664
5701
5726
5775
5777
5861
5942
6032
6063
6153
6169
6171
6269
6270
6325
6375
6378
6419
6474
6673
6698
6703
6710
6718
6720
6798
6804
6952
6953
6962
6970
7019
7029
7054
7119
7131
7148
7149
7195
7268
7293
7295
7306
7328
7379
7421
7564
7570
7574
7595
7616
7650
7749
7755
7759
7775
7807
7840
7920
7922
7925
7956
7983
8030
8076
8099
8410
8422
8462
8504
8516
8546
8562
8587
8721
8759
8898
8900
8934
8949
9017
9078
9085
9106
9124
9189
9203
9211
9275
9280
9301
9342
9374
9417
9665
9708
9709
9714
9715
9745
9761
9775
9783
9858
9930
9944
9971
10038
10059
10181
10317
10330
10334
10339
10348
10383
10384
10392
10440
10441
10470
10490
10584
10593
10613
10624
10732
10752
10758
10858
10864
11036
11063
11093
11224
11282
11313
11437
11451
11470
11504
11538
11619
11629
11691
11698
11712
11721
11724
11739
11762
11865
11961
11995
12043
12047
12165
12176
12191
12198
12244
12304
12326
12404
12414
12429
12440
12446
12473
12483
12521
12641
12658
12687
12712
12721
12739
12741
12763
12774
12809
12819
12907
12955
12970
13042
13056
13086
13111
13116
13189
13191
13243
13279
13326
13348
13365
13399
13449
13462
13477
13485
13486
13525
13536
13555
13645
13709
13748
13824
13842
13912
13984
14024
14064
14102
14252
14297
14319
14326
14339
14377
14423
14477
14481
14515
14530
14531
14535
14573
14594
14602
14613
14697
14700
14714
14774
14788
14842
14882
14914
14950
14992
15007
15207
15310
