640
672
951
1222
1306
1397
1442
1549
1596
1647
1698
1818
1878
2358
2396
2485
2590
2732
3007
3141
3191
3350
3523
3545
3876
3926
3996
3998
4085
4300
4430
4452
4489
4641
4770
4816
4867
4879
4944
5058
5075
5112
5413
5443
5553
6032
6063
6171
6269
6378
6718
7029
7119
7293
7650
7775
7922
8030
8504
8546
8562
8898
8934
8949
9085
9203
9275
9374
9417
9665
9930
9944
9971
10038
10392
10441
10593
10732
10752
10758
11698
11995
12043
12176
12198
12429
12446
12521
12721
12819
13111
13399
13555
13645
13748
14024
14326
14339
14377
14531
14700
14714
14882
