8
130
132
381
486
548
618
623
680
724
758
771
820
832
895
962
1150
1244
1246
1468
1522
1540
1570
1609
1616
1720
1878
1903
1954
1985
2046
2078
2079
2457
2572
2919
2960
3056
3294
3310
3375
3478
3574
3582
3697
3702
3902
3930
3956
4279
4288
4300
4311
4317
4638
4753
4787
4875
4879
4893
4894
4903
4904
4922
5027
5031
5058
5167
5186
5233
5252
5295
5345
5370
5377
5535
5655
5661
5684
5826
5829
6116
6254
6316
6387
6424
6428
6700
6755
6792
6880
7001
7146
7195
7227
7232
7248
7269
7287
7350
7375
7429
7564
7573
7575
7583
7602
7630
7643
7677
7728
7781
7840
7861
7965
7971
8604
8744
8872
8882
9124
9164
9184
9211
9306
9322
9441
9501
9574
9584
9606
9641
9644
9672
9695
9761
9891
9971
10053
10136
10157
10197
10428
10452
10474
10482
10484
10564
10568
10708
10835
11098
11117
11134
11278
11402
11491
11699
11705
11712
11880
12164
12167
12170
12190
12198
12203
12386
12412
12443
12444
12475
12621
12793
12971
13116
13126
13175
13415
13450
13553
13654
13684
13889
13925
13942
13977
13985
14089
14142
14293
14296
14310
14594
14653
14683
14707
14727
14781
14829
14886
14945
14993
15034
15066
15153
15191
