6
87
124
128
498
580
647
870
914
1283
1461
1697
1900
2180
2182
2190
2367
2577
2652
2771
3004
3041
3152
3447
3448
3552
3611
3744
3949
4036
4193
4410
4501
4724
4737
4789
4813
4820
5189
5195
5216
5368
5562
5686
5864
6369
6384
6620
6778
6795
7115
7880
7882
8245
9023
9081
9341
9465
9905
9980
10260
10377
10393
10553
10777
10808
11237
11360
11364
11494
11584
11597
11733
11747
11748
12035
12055
12117
12189
12199
12352
12753
12852
13121
13159
13206
13331
13599
14069
14123
14353
14355
14500
14682
15082
15084
15287
