71
108
260
480
494
596
663
1321
1595
1639
1710
1742
1769
1770
1801
2085
2118
2218
2236
2374
2550
2954
3005
3049
3381
3616
3901
3928
3965
4073
4234
4329
4364
4529
4892
4898
5041
5190
5283
5369
5456
5647
5652
5837
6529
6553
6579
6740
6741
6776
7103
7383
7466
7654
7666
7743
8022
8345
8440
8473
8494
8516
9073
9308
9323
9384
9400
9456
9708
9836
9939
10348
10483
10490
11211
11367
11399
11451
11595
11724
11729
11864
11868
11988
12545
12609
12687
12697
12719
12774
12981
13028
13124
13224
13326
13332
13364
13525
13702
13878
14255
14295
14357
14423
14539
14599
14602
14631
14632
14730
14783
15085
15101
15224
