486
758
771
895
962
1468
1522
1570
1616
1878
2046
2078
2079
2457
2572
2960
3310
3375
3478
3582
3702
3930
3956
4279
4300
4638
4875
4879
4894
4922
5027
5058
5167
5186
5233
5252
5295
5345
5370
5377
5535
5829
6116
6424
6428
6700
6755
7001
7195
7248
7269
7375
7429
7564
7840
7965
8604
8872
9124
9184
9211
9501
9584
9641
9644
9672
9761
9971
10053
10157
10474
10835
11098
11278
11491
11699
11705
11712
11880
12167
12170
12190
12198
12386
12443
12444
13116
13684
13925
13985
14296
14310
14594
14727
14829
15034
15066
15153
