71
92
108
260
454
480
494
574
595
596
660
663
672
773
813
900
935
1084
1119
1129
1143
1185
1191
1280
1306
1320
1321
1442
1443
1595
1596
1602
1635
1636
1639
1698
1710
1742
1756
1769
1770
1787
1801
1811
2007
2085
2087
2090
2118
2218
2236
2259
2371
2374
2531
2550
2632
2745
2747
2762
2789
2881
2920
2954
2964
2979
3005
3025
3038
3049
3080
3095
3292
3381
3545
3616
3618
3689
3732
3901
3912
3913
3928
3935
3965
3983
4022
4023
4073
4131
4136
4189
4192
4196
4234
4302
4307
4329
4364
4366
4441
4458
4497
4502
4529
4553
4595
4690
4702
4739
4800
4850
4892
4898
4936
5025
5033
5041
5053
5112
5149
5177
5190
5247
5275
5283
5292
5361
5366
5369
5372
5420
5431
5436
5455
5456
5647
5652
5837
5846
5974
6033
6169
6171
6234
6269
6332
6333
6339
6389
6464
6529
6553
6579
6647
6710
6718
6740
6741
6776
6850
6962
6965
7000
7019
7103
7143
7144
7315
7383
7432
7466
7506
7570
7574
7615
7654
7666
7682
7740
7743
7775
7858
7879
7933
7943
7948
8022
8030
8223
8234
8238
8272
8345
8417
8440
8441
8473
8494
8497
8516
8546
8657
8682
8739
8815
8825
8833
8840
8848
8863
8900
8912
8963
8976
8978
9034
9073
9080
9093
9099
9112
9189
9197
9280
9308
9311
9323
9326
9342
9384
9400
9456
9466
9521
9633
9635
9681
9708
9709
9744
9769
9836
9858
9871
9885
9939
9940
9948
10128
10186
10215
10243
10249
10339
10348
10357
10384
10392
10470
10483
10489
10490
10506
10563
10586
10610
10752
10792
10797
10798
10891
10915
11039
11049
11079
11093
11118
11154
11186
11190
11195
11211
11224
11367
11399
11437
11451
11595
11685
11724
11729
11738
11864
11868
11875
11940
11945
11988
12047
12118
12135
12149
12179
12200
12221
12368
12390
12429
12545
12573
12609
12622
12639
12687
12697
12718
12719
12745
12774
12796
12952
12970
12981
13028
13041
13045
13086
13124
13154
13163
13184
13224
13324
13326
13327
13332
13364
13416
13464
13505
13525
13530
13545
13581
13653
13702
13718
13739
13819
13878
13880
13982
14014
14020
14049
14087
14247
14255
14290
14295
14324
14339
14357
14422
14423
14481
14539
14549
14599
14601
14602
14631
14632
14655
14659
14728
14730
14771
14777
14783
14803
14806
14856
14871
14873
14878
15035
15076
15085
15101
15167
15193
15216
15221
15224
15289
