8
71
92
108
130
132
260
381
454
480
486
494
548
574
595
596
618
623
660
663
672
680
724
758
771
773
813
820
832
895
900
935
962
1084
1119
1129
1143
1150
1185
1191
1244
1246
1280
1306
1320
1321
1442
1443
1468
1522
1540
1570
1595
1596
1602
1609
1616
1635
1636
1639
1698
1710
1720
1742
1756
1769
1770
1787
1801
1811
1878
1903
1954
1985
2007
2046
2078
2079
2085
2087
2090
2118
2218
2236
2259
2371
2374
2457
2531
2550
2572
2632
2745
2747
2762
2789
2881
2919
2920
2954
2960
2964
2979
3005
3025
3038
3049
3056
3080
3095
3292
3294
3310
3375
3381
3478
3545
3574
3582
3616
3618
3689
3697
3702
3732
3901
3902
3912
3913
3928
3930
3935
3956
3965
3983
4022
4023
4073
4131
4136
4189
4192
4196
4234
4279
4288
4300
4302
4307
4311
4317
4329
4364
4366
4441
4458
4497
4502
4529
4553
4595
4638
4690
4702
4739
4753
4787
4800
4850
4875
4879
4892
4893
4894
4898
4903
4904
4922
4936
5025
5027
5031
5033
5041
5053
5058
5112
5149
5167
5177
5186
5190
5233
5247
5252
5275
5283
5292
5295
5345
5361
5366
5369
5370
5372
5377
5420
5431
5436
5455
5456
5535
5647
5652
5655
5661
5684
5826
5829
5837
5846
5974
6033
6116
6169
6171
6234
6254
6269
6316
6332
6333
6339
6387
6389
6424
6428
6464
6529
6553
6579
6647
6700
6710
6718
6740
6741
6755
6776
6792
6850
6880
6962
6965
7000
7001
7019
7103
7143
7144
7146
7195
7227
7232
7248
7269
7287
7315
7350
7375
7383
7429
7432
7466
7506
7564
7570
7573
7574
7575
7583
7602
7615
7630
7643
7654
7666
7677
7682
7728
7740
7743
7775
7781
7840
7858
7861
7879
7933
7943
7948
7965
7971
8022
8030
8223
8234
8238
8272
8345
8417
8440
8441
8473
8494
8497
8516
8546
8604
8657
8682
8739
8744
8815
8825
8833
8840
8848
8863
8872
8882
8900
8912
8963
8976
8978
9034
9073
9080
9093
9099
9112
9124
9164
9184
9189
9197
9211
9280
9306
9308
9311
9322
9323
9326
9342
9384
9400
9441
9456
9466
9501
9521
9574
9584
9606
9633
9635
9641
9644
9672
9681
9695
9708
9709
9744
9761
9769
9836
9858
9871
9885
9891
9939
9940
9948
9971
10053
10128
10136
10157
10186
10197
10215
10243
10249
10339
10348
10357
10384
10392
10428
10452
10470
10474
10482
10483
10484
10489
10490
10506
10563
10564
10568
10586
10610
10708
10752
10792
10797
10798
10835
10891
10915
11039
11049
11079
11093
11098
11117
11118
11134
11154
11186
11190
11195
11211
11224
11278
11367
11399
11402
11437
11451
11491
11595
11685
11699
11705
11712
11724
11729
11738
11864
11868
11875
11880
11940
11945
11988
12047
12118
12135
12149
12164
12167
12170
12179
12190
12198
12200
12203
12221
12368
12386
12390
12412
12429
12443
12444
12475
12545
12573
12609
12621
12622
12639
12687
12697
12718
12719
12745
12774
12793
12796
12952
12970
12971
12981
13028
13041
13045
13086
13116
13124
13126
13154
13163
13175
13184
13224
13324
13326
13327
13332
13364
13415
13416
13450
13464
13505
13525
13530
13545
13553
13581
13653
13654
13684
13702
13718
13739
13819
13878
13880
13889
13925
13942
13977
13982
13985
14014
14020
14049
14087
14089
14142
14247
14255
14290
14293
14295
14296
14310
14324
14339
14357
14422
14423
14481
14539
14549
14594
14599
14601
14602
14631
14632
14653
14655
14659
14683
14707
14727
14728
14730
14771
14777
14781
14783
14803
14806
14829
14856
14871
14873
14878
14886
14945
14993
15034
15035
15066
15076
15085
15101
15153
15167
15191
15193
15216
15221
15224
15289
