71
92
108
260
480
494
574
596
663
900
935
1084
1143
1185
1191
1321
1595
1635
1636
1639
1710
1742
1756
1769
1770
1787
1801
2007
2085
2118
2218
2236
2374
2550
2632
2745
2762
2954
2964
3005
3049
3381
3616
3732
3901
3912
3928
3965
4073
4131
4136
4189
4192
4196
4234
4329
4364
4366
4497
4529
4595
4739
4850
4892
4898
5025
5033
5041
5053
5190
5275
5283
5292
5369
5420
5431
5456
5647
5652
5837
6169
6332
6339
6529
6553
6579
6740
6741
6776
6965
7019
7103
7144
7315
7383
7466
7506
7654
7666
7743
7879
8022
8223
8238
8272
8345
8440
8473
8494
8516
8825
8848
8863
8900
8978
9073
9112
9280
9308
9311
9323
9342
9384
9400
9456
9633
9708
9709
9836
9939
10128
10186
10243
10249
10348
10470
10483
10489
10490
10586
10792
10798
10891
11039
11154
11186
11190
11211
11224
11367
11399
11437
11451
11595
11724
11729
11864
11868
11945
11988
12135
12545
12573
12609
12639
12687
12697
12718
12719
12745
12774
12970
12981
13028
13041
13086
13124
13224
13326
13327
13332
13364
13525
13702
13739
13878
13880
14014
14247
14255
14290
14295
14324
14357
14423
14481
14539
14599
14602
14631
14632
14659
14730
14783
15085
15101
15224
