454
660
773
813
1119
1129
1280
1602
1811
2087
2531
2747
2789
2979
3095
3689
3913
3935
3983
4302
4307
4502
4553
4690
4702
4800
4936
5177
5361
5372
5846
5974
6234
6333
6389
6464
6850
6962
7432
7615
7682
7933
7943
7948
8234
8417
8441
8497
8657
8682
8815
8912
8963
8976
9080
9189
9197
9326
9635
9858
9871
9885
10506
10797
10915
11049
11079
11118
11195
11738
11875
11940
12118
12179
12221
12390
13045
13324
13416
13464
13530
13545
13581
13653
13718
14020
14049
14087
14422
14601
14728
14771
14777
14856
15035
15193
15216
15221
