125
496
826
966
1111
1220
1277
1278
1544
1640
1642
1800
1892
1913
1986
2094
2191
2580
2751
2901
3117
3301
3306
3494
3542
3615
3630
3906
3927
4202
4259
4394
4437
4566
4604
4607
4725
4968
5399
5683
5754
5838
5849
5886
5972
6091
6370
6401
6406
6697
6698
6744
6796
6928
7153
7180
7224
7234
7253
7418
7451
7559
7678
7751
7805
7916
7945
7980
8003
8271
8450
8683
8735
8853
9125
9338
9589
9686
9715
9722
9821
9916
9938
9949
10199
10292
10329
10347
10390
10443
10462
10463
10535
10546
10612
10635
10725
10769
11103
11138
11149
11456
11467
11523
11528
11546
11684
11690
11694
12371
12420
12428
12448
12582
12715
12795
13006
13328
13397
13460
13586
13616
13700
13857
13877
13891
14054
14207
14262
14297
14405
14427
14508
14662
14760
14824
14956
15042
