454
595
660
672
773
813
1119
1129
1280
1306
1320
1442
1443
1596
1602
1698
1811
2087
2090
2259
2371
2531
2747
2789
2881
2920
2979
3025
3038
3080
3095
3292
3545
3618
3689
3913
3935
3983
4022
4023
4302
4307
4441
4458
4502
4553
4690
4702
4800
4936
5112
5149
5177
5247
5361
5366
5372
5436
5455
5846
5974
6033
6171
6234
6269
6333
6389
6464
6647
6710
6718
6850
6962
7000
7143
7432
7570
7574
7615
7682
7740
7775
7858
7933
7943
7948
8030
8234
8417
8441
8497
8546
8657
8682
8739
8815
8833
8840
8912
8963
8976
9034
9080
9093
9099
9189
9197
9326
9466
9521
9635
9681
9744
9769
9858
9871
9885
9940
9948
10215
10339
10357
10384
10392
10506
10563
10610
10752
10797
10915
11049
11079
11093
11118
11195
11685
11738
11875
11940
12047
12118
12149
12179
12200
12221
12368
12390
12429
12622
12796
12952
13045
13154
13163
13184
13324
13416
13464
13505
13530
13545
13581
13653
13718
13819
13982
14020
14049
14087
14339
14422
14549
14601
14655
14728
14771
14777
14803
14806
14856
14871
14873
14878
15035
15076
15167
15193
15216
15221
15289
