6
87
124
125
128
496
498
580
647
826
870
914
966
1111
1220
1277
1278
1283
1461
1544
1640
1642
1697
1800
1892
1900
1913
1986
2094
2180
2182
2190
2191
2367
2577
2580
2652
2751
2771
2901
3004
3041
3117
3152
3301
3306
3447
3448
3494
3542
3552
3611
3615
3630
3744
3906
3927
3949
4036
4193
4202
4259
4394
4410
4437
4501
4566
4604
4607
4724
4725
4737
4789
4813
4820
4968
5189
5195
5216
5368
5399
5562
5683
5686
5754
5838
5849
5864
5886
5972
6091
6369
6370
6384
6401
6406
6620
6697
6698
6744
6778
6795
6796
6928
7115
7153
7180
7224
7234
7253
7418
7451
7559
7678
7751
7805
7880
7882
7916
7945
7980
8003
8245
8271
8450
8683
8735
8853
9023
9081
9125
9338
9341
9465
9589
9686
9715
9722
9821
9905
9916
9938
9949
9980
10199
10260
10292
10329
10347
10377
10390
10393
10443
10462
10463
10535
10546
10553
10612
10635
10725
10769
10777
10808
11103
11138
11149
11237
11360
11364
11456
11467
11494
11523
11528
11546
11584
11597
11684
11690
11694
11733
11747
11748
12035
12055
12117
12189
12199
12352
12371
12420
12428
12448
12582
12715
12753
12795
12852
13006
13121
13159
13206
13328
13331
13397
13460
13586
13599
13616
13700
13857
13877
13891
14054
14069
14123
14207
14262
14297
14353
14355
14405
14427
14500
14508
14662
14682
14760
14824
14956
15042
15082
15084
15287
