260
580
803
890
966
1544
1809
1892
2191
2324
2388
2478
2755
2758
2771
2901
3229
3257
3340
3623
3904
3927
3949
4132
4410
4538
4725
4905
4968
5115
5155
5283
5530
5693
5754
6587
6620
6871
6928
6953
6996
7115
7153
7171
7200
7253
7295
7306
7418
7584
7678
7953
8297
8440
8494
8519
9082
9279
9355
9448
9589
9686
9690
9836
9902
9916
9923
10330
10377
10443
10725
10808
10927
11138
11149
11168
11544
11546
11606
11624
11690
11865
11961
12371
12420
12518
12687
12852
12919
13191
13326
13331
13591
13680
14207
14297
14308
14508
14514
14586
14907
15215
15246
