92
108
419
494
534
595
663
951
1321
1622
1635
1636
1639
1694
1848
2007
2084
2304
2548
2588
2881
3077
3095
3415
3775
3783
3841
3896
3928
3965
3983
4001
4082
4196
4280
4329
4529
4595
4758
5095
5177
5403
5431
5861
5917
6153
6698
6776
6957
6962
7019
7088
7127
7421
7447
7466
7570
7615
7704
7807
7850
7879
7925
7983
8196
8410
8417
8495
8516
8841
9034
9112
9122
9189
9342
9384
9633
9643
9708
9709
9745
9775
9817
9858
9878
9986
10249
10317
10339
10348
10383
10384
10470
10490
11063
11316
11437
11470
11629
11739
11884
11945
11960
12047
12244
12299
12719
12774
12907
12963
13086
13106
13189
13486
13505
13525
13536
13565
13572
13739
13824
13984
14017
14422
14423
14481
14602
14788
15289
