8
130
163
269
680
723
724
732
771
823
1146
1242
1244
1246
1399
1420
1520
1522
1540
1545
1685
1744
1852
2046
2079
2457
2560
2590
2660
2669
2746
2767
2919
2960
3066
3104
3407
3454
3478
3683
3697
3774
3902
3956
4054
4221
4286
4334
4345
4370
4657
4745
4753
4831
4871
4893
4894
4903
4904
4975
5027
5655
5661
5684
5826
6127
6254
6316
6387
6395
7146
7195
7227
7552
7564
7573
7574
7575
7583
7630
7671
7755
7781
7840
7871
7965
7974
8076
8099
8443
8504
8798
8882
9102
9124
9211
9306
9402
9426
9463
9532
9641
9824
9838
9985
10037
10136
10197
10295
10452
10466
10482
10564
10568
10708
10848
10864
11036
11134
11187
11278
11313
11402
11417
11504
11712
11880
12085
12280
12340
12763
12971
13056
13116
13126
13203
13347
13348
13526
13542
13709
13930
13977
14102
14142
14594
14600
14653
14683
14693
14707
14727
14834
14963
15191
15207
