92
108
260
276
419
476
494
534
580
595
640
663
672
778
803
890
895
951
966
1181
1306
1320
1321
1544
1596
1622
1635
1636
1639
1647
1694
1698
1809
1848
1878
1892
2007
2078
2084
2191
2304
2324
2388
2389
2478
2548
2572
2588
2637
2732
2755
2758
2771
2881
2901
3007
3077
3095
3229
3257
3340
3415
3545
3623
3670
3775
3783
3841
3896
3904
3927
3928
3949
3965
3983
4001
4023
4082
4085
4132
4196
4280
4329
4333
4410
4452
4489
4529
4538
4595
4725
4758
4770
4816
4905
4968
5058
5095
5112
5115
5155
5177
5283
5403
5431
5455
5530
5693
5754
5861
5917
6016
6033
6063
6153
6269
6474
6587
6620
6698
6776
6871
6928
6953
6957
6962
6996
7019
7088
7115
7119
7127
7153
7171
7200
7253
7295
7306
7418
7421
7447
7458
7466
7570
7584
7615
7650
7678
7704
7775
7807
7850
7879
7925
7953
7983
8030
8138
8196
8297
8410
8417
8440
8494
8495
8516
8519
8546
8833
8841
8898
8949
9034
9082
9112
9122
9189
9279
9342
9355
9384
9448
9521
9589
9633
9643
9686
9690
9708
9709
9745
9769
9775
9817
9836
9858
9878
9902
9916
9923
9930
9971
9986
10038
10053
10249
10317
10330
10339
10348
10377
10383
10384
10441
10443
10470
10490
10725
10752
10758
10808
10835
10927
10929
11063
11093
11138
11149
11168
11316
11437
11470
11544
11546
11606
11624
11629
11690
11739
11865
11884
11888
11945
11960
11961
12047
12149
12198
12200
12244
12299
12371
12420
12429
12518
12687
12712
12719
12721
12774
12852
12907
12919
12963
13071
13086
13106
13158
13189
13191
13326
13331
13464
13486
13505
13525
13536
13565
13572
13591
13680
13739
13819
13824
13984
14017
14207
14210
14297
14308
14319
14339
14422
14423
14481
14508
14514
14531
14536
14586
14602
14700
14777
14788
14882
14907
15215
15246
15289
