92
108
276
419
476
494
534
595
640
663
672
778
895
951
1181
1306
1320
1321
1596
1622
1635
1636
1639
1647
1694
1698
1848
1878
2007
2078
2084
2304
2389
2548
2572
2588
2637
2732
2881
3007
3077
3095
3415
3545
3670
3775
3783
3841
3896
3928
3965
3983
4001
4023
4082
4085
4196
4280
4329
4333
4452
4489
4529
4595
4758
4770
4816
5058
5095
5112
5177
5403
5431
5455
5861
5917
6016
6033
6063
6153
6269
6474
6698
6776
6957
6962
7019
7088
7119
7127
7421
7447
7458
7466
7570
7615
7650
7704
7775
7807
7850
7879
7925
7983
8030
8138
8196
8410
8417
8495
8516
8546
8833
8841
8898
8949
9034
9112
9122
9189
9342
9384
9521
9633
9643
9708
9709
9745
9769
9775
9817
9858
9878
9930
9971
9986
10038
10053
10249
10317
10339
10348
10383
10384
10441
10470
10490
10752
10758
10835
10929
11063
11093
11316
11437
11470
11629
11739
11884
11888
11945
11960
12047
12149
12198
12200
12244
12299
12429
12712
12719
12721
12774
12907
12963
13071
13086
13106
13158
13189
13464
13486
13505
13525
13536
13565
13572
13739
13819
13824
13984
14017
14210
14319
14339
14422
14423
14481
14531
14536
14602
14700
14777
14788
14882
15289
